344
11 4 2 6
0 0 0 0 0 0 0 0 0 0 0
0 7
2 4 5 6
2 3 4 6 8 9 10
0 1
44 28 1 4
0 0 0 0 0 0 0 0 0 0 0 0 0 0 0 0 0 0 0 0 0 0 0 0 0 0 0 0 0 0 0 0 0 0 0 0 0 0 0 0 0 0 0 0
10 26
9 26 35
0 35
25 40
13 14 19 23 32
13 14 16 18 19 23
9 10 22 35
26 39
0 1 2 3 4 6 7 8 9 10 11 12 13 14 15 17 18 19 20 21 23 24 26 27 29 30 31 32 33 34 35 36 37 39 41 42 43
0 9 26
13 14 19 23 32 38
13 19 23
22 26 35 36
26 35 36
9 22 26
13 14 19 23
26 36
22 26 35 39
5 13 14 19 23 32 38
13 19 28
17 26
9 26
3 23
22 26
0 9 35
18 35
3 13 14 19 23 38
0 26 35
5 3 1 4
0 0 0 0 0
3 4
0 1 2 3 4
0 4
5 3 0 3
0 0 0 0 0
0 4
1 3
0 2 4
7 5 2 6
0 0 0 0 0 0 0
0 1 2 3 4 5 6
1 6
2 3
2 6
1 2
5 5 2 3
0 0 0 0 0
1 3 4
0 1 3
1 2
1 4
1 3
11 15 0 3
0 0 0 0 0 0 0 0 0 0 0
2 6 8 10
2 4 6 8 9 10
0 9
2 6 10
2 8
2 6
2 7
6 8 10
2 3
2 5
8 9 10
4 10
8 10
1 5
6 9
5 3 2 4
0 0 0 0 0
0 3
0 4
1 2
6 5 2 4
0 0 0 0 0 0
3 4
2 3
0 5
1 4
0 2 5
13 5 1 2 3
0 0 0 0 0 0 0 0 0 0 0 0 0
5 6 12
10 11
0 2 4 5 7 8 9 11
1 3
4 5
7 5 2 3
0 0 0 0 0 0 0
1 4
0 2 5
0 2 3
0 6
0 3
5 3 2 4
0 0 0 0 0
3 4
0 2
0 1 2
15 9 2 6
0 0 0 0 0 0 0 0 0 0 0 0 0 0 0
2 5
1 8
3 7
0 9 14
1 4 8 10 12
0 4
2 3 5 11
0 2 4 11 14
6 13
5 2 2 4
0 0 0 0 0
0 2
1 3 4
14 6 1 2
0 0 0 0 0 0 0 0 0 0 0 0 0 0
1 5
3 6 8
4 6 8
3 6
0 1 2 3 4 6 7 8 9 10 11 12 13
0 4
7 7 0 3
0 0 0 0 0 0 0
2 4
0 3
1 4
1 4
3 6
2 3 5
1 2
7 4 0 3
0 0 0 0 0 0 0
1 3
2 4 5 6
0 5
0 4
5 4 0 3
0 0 0 0 0
1 4
1 2 3
1 4
0 3 4
10 6 2 4
0 0 0 0 0 0 0 0 0 0
5 8
2 8
0 1
2 4
0 3 7 8 9
0 1 6 9
6 4 3 5
0 0 0 0 0 0
1 5
0 4
2 3
4 5
7 2 2 4
0 0 0 0 0 0 0
0 6
0 1 2 3 4 5 6
13 5 3 5
0 0 0 0 0 0 0 0 0 0 0 0 0
0 5
0 6
1 11
6 8
0 2 3 4 6 7 9 10 12
5 3 3 5
0 0 0 0 0
1 4
0 2 3
1 3 4
6 3 2 6
0 0 0 0 0 0
1 3
0 2
4 5
5 5 1 3
0 0 0 0 0
0 2 3 4
0 2
0 3
1 3
0 4
6 3 0 1
0 0 0 0 0 0
2 5
0 3
0 1 3 4
8 3 1 4
0 0 0 0 0 0 0 0
0 4
1 2
0 1 2 3 4 5 6 7
6 3 0 1
0 0 0 0 0 0
0 2
0 3 4
0 1 2 3 4 5
7 5 0 3
0 0 0 0 0 0 0
0 6
2 3
3 4
2 3 6
1 5 6
6 3 2 4
0 0 0 0 0 0
3 5
1 2
0 4
6 4 1 4
0 0 0 0 0 0
0 1
2 5
3 4
4 5
5 3 0 3
0 0 0 0 0
1 4
0 1 4
1 2 3 4
5 3 3 5
0 0 0 0 0
0 3
0 2 4
0 1
12 5 3 5
0 0 0 0 0 0 0 0 0 0 0 0
0 2 8 9
0 1
5 10
0 2 3 5 6 7 8 9 10
4 11
8 3 1 2
0 0 0 0 0 0 0 0
0 1 2 3 5 6
5 7
4 5 6
14 8 3 6
0 0 0 0 0 0 0 0 0 0 0 0 0 0
0 3 4 5 6 7 8 9 11 12
0 1 5
5 6
2 4 10
5 7
10 13
0 3 5 6 10
4 5 10
7 5 2 4
0 0 0 0 0 0 0
3 5
0 2
2 6
0 3 5
1 4
6 2 0 1
0 0 0 0 0 0
0 2 3 4 5
1 3
6 7 2 4
0 0 0 0 0 0
0 2 4
0 4
0 2 4
0 2 3 4
0 2 4 5
0 1 2 3 4
0 5
7 8 1 4
0 0 0 0 0 0 0
2 4
3 4
0 2
2 3 6
0 1 2
2 3
0 2 3
0 2 3 5
5 4 3 5
0 0 0 0 0
3 4
0 1 2
2 3
0 1 2 3
7 3 2 4
0 0 0 0 0 0 0
0 4 5
2 3
1 6
5 2 0 1 3
0 0 0 0 0
0 1 2 3 4
1 3
23 6 2 3
0 0 0 0 0 0 0 0 0 0 0 0 0 0 0 0 0 0 0 0 0 0 0
3 5
11 15
2 14
0 1 2 4 5 6 7 8 9 10 11 12 13 14 16 17 18 19 20 21 22
8 14
9 21
12 8 1 2
0 0 0 0 0 0 0 0 0 0 0 0
2 9
2 4 10
7 9
0 1 3 8 11
4 7 9
2 3
3 4 6 7
0 1 5 8
5 1 0 2
0 0 0 0 0
0 1 2 3 4
9 2 2 4
0 0 0 0 0 0 0 0 0
0 3 4
0 1 2 3 4 5 6 7 8
8 3 2 3
0 0 0 0 0 0 0 0
0 1 2 3 4 5 6 7
0 5
4 6
11 5 1 2
0 0 0 0 0 0 0 0 0 0 0
1 9
4 5
1 7 10
6 9
0 1 2 3 4 6 7 8 9 10
5 2 3 5
0 0 0 0 0
0 1 3 4
2 3
5 2 1 2
0 0 0 0 0
0 1 4
1 2 3
5 2 0 1 3
0 0 0 0 0
0 1
1 2 3 4
5 3 1 2
0 0 0 0 0
1 3
0 1 2 3
2 4
6 4 0 1 4
0 0 0 0 0 0
3 5
0 3 5
3 4 5
1 2
15 8 2 4
0 0 0 0 0 0 0 0 0 0 0 0 0 0 0
4 11
2 9 13 14
4 5 9
8 9
6 9
0 5
3 12
0 1 4 5 6 7 8 9 10 12 14
5 2 0 1
0 0 0 0 0
1 4
0 2 3
18 5 3 5
0 0 0 0 0 0 0 0 0 0 0 0 0 0 0 0 0 0
6 13
7 14 17
3 5
0 1 2 7 8 11 12 14 15 16
4 9 10
5 1 2 4
0 0 0 0 0
0 1 2 3 4
5 3 0 1
0 0 0 0 0
0 4
0 3 4
1 2 4
5 3 2 4
0 0 0 0 0
0 3 4
0 4
1 2
5 3 0 1 4
0 0 0 0 0
2 3 4
1 3
0 1 3
5 3 2 4
0 0 0 0 0
0 3
2 4
1 2
7 4 0 3
0 0 0 0 0 0 0
2 4
0 3
0 1
5 6
6 3 0 3
0 0 0 0 0 0
0 5
1 2
3 4
14 9 1 2
0 0 0 0 0 0 0 0 0 0 0 0 0 0
10 13
6 12
5 8
9 11
4 5
0 2 3 4 6 8 11 12
4 11
4 7 8 11 13
1 9
6 1 1 2
0 0 0 0 0 0
0 1 2 3 4 5
7 4 1 2
0 0 0 0 0 0 0
1 6
1 6
0 2 3 4
1 2 4 5 6
7 5 0 1
0 0 0 0 0 0 0
1 3
0 1 6
1 2
0 1 2 5
4 6
18 6 2 4
0 0 0 0 0 0 0 0 0 0 0 0 0 0 0 0 0 0
5 6 16
8 10
1 7 11
1 12
0 5
0 1 2 3 4 5 7 9 10 11 12 13 14 15 17
10 7 2 4
0 0 0 0 0 0 0 0 0 0
1 2
2 7
1 3
2 9
0 1 8 9
4 6
5 6
8 7 0 3
0 0 0 0 0 0 0 0
0 2 5
0 1 5 7
3 6
0 4 5 7
0 2 5 7
0 7
0 5
9 6 1 2
0 0 0 0 0 0 0 0 0
2 4 7
2 4
0 4
2 4
0 1 2 3 5 6 7 8
2 7
14 6 2 4
0 0 0 0 0 0 0 0 0 0 0 0 0 0
0 3
1 6
0 1 2 3 4 5 6 7 8 9 10 11
6 13
1 6
0 2 4 12
10 1 1 2
0 0 0 0 0 0 0 0 0 0
0 1 2 3 4 5 6 7 8 9
5 1 2 4
0 0 0 0 0
0 1 2 3 4
15 8 3 5
0 0 0 0 0 0 0 0 0 0 0 0 0 0 0
3 10
2 7
1 7 14
2 4 11 14
2 6
3 6 11 12
2 13
0 2 3 4 5 6 7 8 9 10 11 13 14
8 2 2 4
0 0 0 0 0 0 0 0
1 2
0 1 2 3 4 5 6 7
9 4 3 5
0 0 0 0 0 0 0 0 0
2 8
0 2
0 1 2 3 4 5 6 7 8
0 8
21 13 0 1
0 0 0 0 0 0 0 0 0 0 0 0 0 0 0 0 0 0 0 0 0
1 16
6 10 12
1 4 9 14
5 6
3 7 8
4 5 10 11 12 14 17
3 19
3 10 18
5 14
0 2 4 5 8 10 12 13 14 15
6 10
5 10
10 20
26 4 2 6
0 0 0 0 0 0 0 0 0 0 0 0 0 0 0 0 0 0 0 0 0 0 0 0 0 0
4 19
2 19
0 1 2 3 4 5 6 7 8 9 10 11 12 13 14 15 16 17 18 19 20 21 22 23 24 25
10 19
22 9 0 1
0 0 0 0 0 0 0 0 0 0 0 0 0 0 0 0 0 0 0 0 0 0
3 5 7 9 13 21
4 10 19
1 2 3 6 7 8 9 11 12 13 14 15 16 17 18 20 21
0 13 14
1 3 19
1 9 11 13
1 2
7 9
1 13 17
25 10 1 2
0 0 0 0 0 0 0 0 0 0 0 0 0 0 0 0 0 0 0 0 0 0 0 0 0
7 18
0 1 2 3 4 5 6 7 8 9 11 12 13 14 15 16 17 18 19 20 21 22 23 24
5 9 10
5 14
9 20
5 9
1 4
14 15
14 15
6 9 14 15
52 23 0 1
0 0 0 0 0 0 0 0 0 0 0 0 0 0 0 0 0 0 0 0 0 0 0 0 0 0 0 0 0 0 0 0 0 0 0 0 0 0 0 0 0 0 0 0 0 0 0 0 0 0 0 0
1 23 42
1 23
25 45
7 13 39
0 1 2 3 4 5 7 8 9 10 11 12 14 15 17 18 19 21 22 23 24 25 26 28 29 30 31 32 33 34 35 36 37 38 39 40 41 42 43 44 45 46 47 48 49 50 51
1 8 16 25 30 31 37
1 23 30
3 14 20
29 42
2 27
26 30
1 17 23 29
17 26 30 37 48
1 24 30 32
0 12 20
17 23
8 47
23 36
0 2 3 20 22 27 36
7 20 44
3 14
1 22 23 30 32 36
6 25
5 1 0 1 3
0 0 0 0 0
0 1 2 3 4
7 5 0 3
0 0 0 0 0 0 0
0 4
2 3
0 2 3
1 2 6
2 5
10 1 1 4
0 0 0 0 0 0 0 0 0 0
0 1 2 3 4 5 6 7 8 9
19 4 1 2
0 0 0 0 0 0 0 0 0 0 0 0 0 0 0 0 0 0 0
9 11
0 1 2 4 5 6 7 8 10 11 12 13 14 15 16 17 18
3 10 12 15
8 15
5 3 2 4
0 0 0 0 0
2 4
0 1 2 3 4
1 2
33 15 2 4
0 0 0 0 0 0 0 0 0 0 0 0 0 0 0 0 0 0 0 0 0 0 0 0 0 0 0 0 0 0 0 0 0
6 14
16 26
12 20
13 16
28 30
1 27
6 8 12 19
11 29
4 5 10
22 24
3 12 18 19 21
1 2 6 8 12 14 15 16 20 21 23 25 27 31 32
7 16
0 9 13 17
12 24
8 5 1 2
0 0 0 0 0 0 0 0
3 5 7
1 2 3 6
0 4
1 2 6
1 6
7 2 2 5
0 0 0 0 0 0 0
1 3 6
0 1 2 3 4 5
8 4 3 5
0 0 0 0 0 0 0 0
0 1 3 4 5 7
3 5
2 6
1 5
5 2 2 3
0 0 0 0 0
0 1 3 4
2 4
9 3 2 4
0 0 0 0 0 0 0 0 0
1 3 4 6 7 8
0 1 2 3 4 5 6 7 8
3 7
5 1 2 4
0 0 0 0 0
0 1 2 3 4
8 4 0 1
0 0 0 0 0 0 0 0
1 4
0 1 3 6 7
5 6
2 6
10 2 0 1
0 0 0 0 0 0 0 0 0 0
1 3
0 1 2 3 4 5 6 7 8 9
5 3 1 2
0 0 0 0 0
1 3 4
0 2
0 3
13 7 1 2
0 0 0 0 0 0 0 0 0 0 0 0 0
2 11
3 6
0 7
1 3 7
1 9 12
4 10
5 6 8
6 2 0 1
0 0 0 0 0 0
1 2 4 5
0 1 3
6 2 2 6
0 0 0 0 0 0
1 2
0 2 3 4 5
9 7 0 1
0 0 0 0 0 0 0 0 0
1 3 5
0 1
1 6
3 6
7 8
0 2
1 4
7 5 3 5
0 0 0 0 0 0 0
0 2
3 6
5 6
2 4 5 6
1 4
5 3 1 2 4
0 0 0 0 0
0 1 3 4
1 2
1 4
5 1 1 2 4
0 0 0 0 0
0 1 2 3 4
5 2 0 1 2
0 0 0 0 0
0 1 2
3 4
10 3 2 3
0 0 0 0 0 0 0 0 0 0
1 2 4 5 6 7 8 9
2 7
0 3 6 7
6 3 2 6
0 0 0 0 0 0
3 4
0 2
0 1 4 5
20 5 2 6
0 0 0 0 0 0 0 0 0 0 0 0 0 0 0 0 0 0 0 0
4 14
9 16
16 18
1 2 3 4 16
0 1 2 3 4 5 6 7 8 9 10 11 12 13 14 15 16 17 18 19
19 3 0 1
0 0 0 0 0 0 0 0 0 0 0 0 0 0 0 0 0 0 0
0 1 3 12
0 1 2 3 4 5 8 9 10 11 14 15 16 17 18
2 6 7 13 15 18
12 3 3 5
0 0 0 0 0 0 0 0 0 0 0 0
1 2 3 6 7 8 9 10
0 4
5 7 11
6 1 1 2
0 0 0 0 0 0
0 1 2 3 4 5
10 6 1 2
0 0 0 0 0 0 0 0 0 0
1 4
5 6
2 9
5 9
7 8
0 3 4
8 6 1 2
0 0 0 0 0 0 0 0
0 1 2 3
4 7
2 3
1 2 3
2 5
2 6
6 1 2 4
0 0 0 0 0 0
0 1 2 3 4 5
8 5 1 2
0 0 0 0 0 0 0 0
3 5 7
1 2 3 6
0 4
1 2 6
1 6
5 1 0 1
0 0 0 0 0
0 1 2 3 4
5 1 0 1
0 0 0 0 0
0 1 2 3 4
9 2 2 4
0 0 0 0 0 0 0 0 0
0 1 2 3 4 5 6 7 8
0 3 6 7 8
5 3 2 4
0 0 0 0 0
2 3
0 1 2 4
0 2
5 3 0 1
0 0 0 0 0
1 2 4
0 1 3
1 2
5 2 2 4
0 0 0 0 0
0 1 2 3 4
0 2
5 1 2 4
0 0 0 0 0
0 1 2 3 4
8 4 2 4
0 0 0 0 0 0 0 0
2 4
1 5
0 2 3 4 6 7
2 3 5
9 5 2 4
0 0 0 0 0 0 0 0 0
0 8
1 2
3 5 6 7 8
3 5
4 6
6 4 2 4
0 0 0 0 0 0
1 2
0 3
1 2 4 5
1 3
8 5 2 4
0 0 0 0 0 0 0 0
2 4
0 1
2 3 4 5
6 7
2 3
5 3 2 4
0 0 0 0 0
0 3
1 2 4
1 2 3
10 6 2 4
0 0 0 0 0 0 0 0 0 0
3 6
1 2
3 5 6 7 9
0 8 9
3 5 8
4 7
6 4 2 4
0 0 0 0 0 0
1 2
0 3
1 2 4 5
1 3
5 4 0 1
0 0 0 0 0
0 1
0 1 2 4
1 2
1 3
10 5 2 4
0 0 0 0 0 0 0 0 0 0
0 8
1 2
3 5 6 7 8 9
3 5
4 7
7 4 2 4
0 0 0 0 0 0 0
1 3
1 2 3 5 6
0 4 5
1 2 4
6 3 2 4
0 0 0 0 0 0
4 5
0 1
0 1 2 3
6 4 2 4
0 0 0 0 0 0
0 5
1 2 3 4 5
1 2
1 3
7 3 2 4
0 0 0 0 0 0 0
0 3
1 2 4 5 6
1 2 3
9 2 1 4
0 0 0 0 0 0 0 0 0
0 1 2 3 7 8
1 2 3 4 5 6
9 4 2 4
0 0 0 0 0 0 0 0 0
0 4 5 7 8
1 6
2 3
4 5 6
13 2 2 4 6
0 0 0 0 0 0 0 0 0 0 0 0 0
0 2 3 4 5 6 8 9 10 11 12
1 7 10 12
78 45 3 5
0 0 0 0 0 0 0 0 0 0 0 0 0 0 0 0 0 0 0 0 0 0 0 0 0 0 0 0 0 0 0 0 0 0 0 0 0 0 0 0 0 0 0 0 0 0 0 0 0 0 0 0 0 0 0 0 0 0 0 0 0 0 0 0 0 0 0 0 0 0 0 0 0 0 0 0 0 0
32 66
15 36 37 61 65
15 33 60 61
13 26
9 35 48
0 1 46 53
11 13 19 33 44
64 74
6 11 15 29 30 61 65
15 54
37 60
13 57
8 11 57 65
6 15 61
0 1 2 4 5 6 7 9 10 11 12 13 14 15 16 17 18 19 20 21 22 23 24 25 26 27 28 29 30 31 32 33 34 35 36 39 40 41 42 43 44 45 46 47 49 50 51 52 53 54 56 57 59 60 61 62 63 64 65 66 67 68 69 70 71 72 73 74 75 76 77
29 38 70
2 14 22
15 20 61
2 22 46
29 33 53 65
15 57
1 2 5 6 10 12 14 15 16 20 22 26 33 35 36 40 41 42 43 46 54 60 62 64 65 67 68 70 71 74 76
7 11 17 27 32 33 34 47 65 66
4 6 7 8 11 13 15 17 18 24 26 29 32 34 44 52 53 64 65 66 68 69
46 74
46 60
11 29
19 70
33 38 65
5 30
61 67 70
61 68
53 65
20 33 46 53 70
13 19 57
33 54
67 70
22 41 42 55 65
11 61 64 65
33 42 63 68 70 76
15 65 68
44 65
3 58
11 65
57 68
156 75 3 5
0 0 0 0 0 0 0 0 0 0 0 0 0 0 0 0 0 0 0 0 0 0 0 0 0 0 0 0 0 0 0 0 0 0 0 0 0 0 0 0 0 0 0 0 0 0 0 0 0 0 0 0 0 0 0 0 0 0 0 0 0 0 0 0 0 0 0 0 0 0 0 0 0 0 0 0 0 0 0 0 0 0 0 0 0 0 0 0 0 0 0 0 0 0 0 0 0 0 0 0 0 0 0 0 0 0 0 0 0 0 0 0 0 0 0 0 0 0 0 0 0 0 0 0 0 0 0 0 0 0 0 0 0 0 0 0 0 0 0 0 0 0 0 0 0 0 0 0 0 0 0 0 0 0 0 0
46 130
8 9
11 37 52 81
2 95 153
75 128
4 10 34 37 42 46 47 51 54 81 83 84 93 105 130
2 17 114
61 70 117
42 88 127
2 14 23 48 74
4 20 37 46 47 52 54 55 72 77 87 99 104 105 119 130
82 127
0 1 3 4 5 6 7 8 11 12 13 16 18 19 20 21 24 25 26 27 28 29 30 31 32 34 35 36 37 39 41 42 43 44 45 46 47 48 49 50 51 52 53 54 55 56 57 58 59 60 61 62 63 64 65 67 68 69 70 71 72 73 75 76 77 78 79 80 81 82 83 84 85 86 87 88 89 91 93 94 95 96 97 99 100 101 102 103 104 105 106 107 108 109 110 111 112 113 114 116 117 118 119 121 123 124 125 126 127 128 130 131 132 133 134 135 136 137 138 139 140 141 142 143 144 146 147 149 150 151 152 153 154 155
71 73 92
24 91 114
14 98
47 66 88 114 117
32 37 54 88 116
6 88 99 109 127
6 91 102 104 154
31 130
15 22 23 115
2 14 23 74 88
11 36 54
19 131
57 88
43 126 130 150
32 54
12 36 130
46 104 124
12 18 31 37 64 134
105 122 126
41 125 138
43 47 129
38 107 120
62 124 130
43 84 101 135 140
17 40 64
47 91
51 76
6 24 68 138
11 12
2 54 73
4 20 36 37 96 114 117
13 19
33 90
34 45 57
12 48 129
43 126 129
2 50 52 53
4 91 95 145 148
124 130
13 24 127
124 147
19 46 61 77 83
32 37
14 17 54
52 60 83 93 109
48 130
34 134 150
77 130
3 5 37 47 88 99
109 111
4 73 134
44 54 77 83 130
6 154
24 131
23 43
4 27 32 47 50 52 60 77 78 87 101
129 130
5 21 27 41 43 45 46 49 51 52 56 57 62 68 71 72 77 80 84 85 88 104 105 107 110 114 117 118 124 127 130 131 133 140 144 151
44 88
41 51 109
38 43 107
43 83 119
6 2 2 6
0 0 0 0 0 0
2 5
0 1 2 3 4
5 2 2 4
0 0 0 0 0
0 1 2 3 4
0 1
6 4 2 4
0 0 0 0 0 0
1 2
0 3
1 2 4 5
1 3
8 4 2 4
0 0 0 0 0 0 0 0
4 6
2 3 4 5
0 2 3 4 6 7
1 4 5
7 4 2 4
0 0 0 0 0 0 0
1 2 3 5 6
0 4
1 2 4
1 3
8 4 2 4
0 0 0 0 0 0 0 0
4 6
2 3 4 5
0 2 3 4 6 7
1 4 5
6 4 2 4
0 0 0 0 0 0
0 2
3 5
1 3
0 2 3 4
8 4 2 4
0 0 0 0 0 0 0 0
2 4
1 5
0 2 3 4 6 7
2 3 5
5 3 2 4
0 0 0 0 0
0 2
1 3 4
1 2
6 3 2 4
0 0 0 0 0 0
0 2
1 3 4
3 5
6 2 2 4
0 0 0 0 0 0
0 1 2 3 4 5
0 1
5 2 2 4
0 0 0 0 0
0 1 2 3 4
0 1
5 3 2 4
0 0 0 0 0
0 1 2 3 4
3 4
0 1 3
21 12 0 1
0 0 0 0 0 0 0 0 0 0 0 0 0 0 0 0 0 0 0 0 0
0 3 6 8
8 9 10 20
4 5 14
2 13
5 12
2 5 6 8
1 16
3 5 8 9 16 19
7 18
15 17
4 11 14
8 10
15 1 1 2
0 0 0 0 0 0 0 0 0 0 0 0 0 0 0
0 1 2 3 4 5 6 7 8 9 10 11 12 13 14
7 3 0 1
0 0 0 0 0 0 0
1 2 5 6
0 1 4
1 2 3 5
10 1 2 4
0 0 0 0 0 0 0 0 0 0
0 1 2 3 4 5 6 7 8 9
11 6 0 2
0 0 0 0 0 0 0 0 0 0 0
0 1 2 3 5 8 9 10
1 4
0 1 2 3
0 1 2 3 10
4 5
6 7
21 6 1 2
0 0 0 0 0 0 0 0 0 0 0 0 0 0 0 0 0 0 0 0 0
1 6 8 12
5 9
0 11 12
0 12
1 7
0 1 2 3 4 6 7 8 10 11 12 13 14 15 16 17 18 19 20
5 3 2 6
0 0 0 0 0
1 2
0 2
3 4
6 4 1 2
0 0 0 0 0 0
3 5
1 4
4 5
0 2 3 5
5 3 2 4
0 0 0 0 0
3 4
0 1 2 3 4
1 4
11 2 1 2
0 0 0 0 0 0 0 0 0 0 0
0 1 2 3 4 5 6 7 8 9 10
4 8
6 3 1 2
0 0 0 0 0 0
0 2
3 4
1 5
16 2 2 6
0 0 0 0 0 0 0 0 0 0 0 0 0 0 0 0
0 1 2 3 4 5 6 7 8 9 10 11 12 13 14 15
2 11
73 5 0 1
0 0 0 0 0 0 0 0 0 0 0 0 0 0 0 0 0 0 0 0 0 0 0 0 0 0 0 0 0 0 0 0 0 0 0 0 0 0 0 0 0 0 0 0 0 0 0 0 0 0 0 0 0 0 0 0 0 0 0 0 0 0 0 0 0 0 0 0 0 0 0 0 0
1 4 8 11 21 41 43 47 52 57 63 69
0 1 2 8 26 38 39 43 47 57 58 59 63 70
0 1 2 3 4 5 6 7 8 9 10 11 12 13 14 15 16 17 18 19 20 21 22 23 24 25 26 27 28 29 30 31 32 33 34 35 36 37 38 39 40 41 42 43 44 45 46 47 48 49 50 51 52 53 54 55 56 57 58 59 60 61 62 63 64 65 66 67 68 69 70 71 72
2 21 22 39 52
0 1 2 3 4 5 6 7 8 9 10 11 12 13 14 15 16 17 18 19 20 21 22 23 24 25 26 27 28 29 30 31 32 33 34 35 36 37 38 39 40 41 42 43 44 45 46 47 48 49 50 51 52 53 54 55 56 57 58 59 60 61 62 63 64 65 66 67 68 69 70 71 72
6 3 1 2
0 0 0 0 0 0
0 3 4
2 3
1 4 5
8 7 0 2
0 0 0 0 0 0 0 0
0 1 3 5 7
2 3 5
2 3 6
3 7
0 1 2 4 7
1 3
0 7
5 3 2 4
0 0 0 0 0
1 2 4
0 3
1 2
6 4 0 1
0 0 0 0 0 0
3 5
0 1 4
2 3
1 2 5
6 4 0 1
0 0 0 0 0 0
3 5
0 1 4
2 3
1 2 5
12 4 2 6
0 0 0 0 0 0 0 0 0 0 0 0
0 1 2 3 4 5 6 7 8 9 10 11
8 9
3 9
4 8
9 7 1 2
0 0 0 0 0 0 0 0 0
1 6
1 2
0 4
3 8
4 5
6 7
0 2 5
10 1 2 3
0 0 0 0 0 0 0 0 0 0
0 1 2 3 4 5 6 7 8 9
10 6 0 1
0 0 0 0 0 0 0 0 0 0
0 1
0 1 6
1 8
0 1 2 4 5 9
1 2 7 9
0 1 3 5
5 3 2 4
0 0 0 0 0
1 3 4
0 2
1 3
5 3 2 4
0 0 0 0 0
0 4
2 3
1 2
13 7 1 2
0 0 0 0 0 0 0 0 0 0 0 0 0
1 4
1 3
4 8 10
7 12
5 9
2 6 11
0 3
35 6 0 1
0 0 0 0 0 0 0 0 0 0 0 0 0 0 0 0 0 0 0 0 0 0 0 0 0 0 0 0 0 0 0 0 0 0 0
0 1 7 8 17
0 1 2 3 4 5 6 7 8 9 11 13 14 15 16 18 19 20 21 23 24 25 26 27 28 30 31 32 33 34
0 1 3 4 6 8 15 22
1 11 19 20 29
0 1 3 4 10 11 12 14 19 20
1 8 9 17 18 19 20 24
7 3 0 1
0 0 0 0 0 0 0
1 5
0 6
0 1 2 3 4 5
10 1 2 4
0 0 0 0 0 0 0 0 0 0
0 1 2 3 4 5 6 7 8 9
12 2 0 1
0 0 0 0 0 0 0 0 0 0 0 0
0 2 5 6 7 8 9 10 11
1 3 4
21 6 0 1 2
0 0 0 0 0 0 0 0 0 0 0 0 0 0 0 0 0 0 0 0 0
0 1 10 11 12 13
0 4 5 9 12 13 18
0 1 4 6
0 7 8 9 12 13 15 17
0 3 4 16
0 2 3 4 5 8 10 12 13 14 16 19 20
16 1 2 3 5
0 0 0 0 0 0 0 0 0 0 0 0 0 0 0 0
0 1 2 3 4 5 6 7 8 9 10 11 12 13 14 15
14 1 2 3
0 0 0 0 0 0 0 0 0 0 0 0 0 0
0 1 2 3 4 5 6 7 8 9 10 11 12 13
6 3 1 2
0 0 0 0 0 0
0 2
3 4
1 5
9 2 2 4
0 0 0 0 0 0 0 0 0
1 2 5 7 8
0 1 2 3 4 5 6 7 8
9 2 2 4
0 0 0 0 0 0 0 0 0
1 2 5 7 8
0 1 2 3 4 5 6 7 8
10 2 0 1
0 0 0 0 0 0 0 0 0 0
0 1 2 3 4 5 7 8 9
3 6
15 1 2 5
0 0 0 0 0 0 0 0 0 0 0 0 0 0 0
0 1 2 3 4 5 6 7 8 9 10 11 12 13 14
20 5 0 1
0 0 0 0 0 0 0 0 0 0 0 0 0 0 0 0 0 0 0 0
0 5 9 14 15 16 17 18
1 3 7 8 10 11 13 19
0 14 15 16 17 18
1 2 3 4 5 6 7 8 9 10 11 12 19
0 5 9 14
11 1 0 2
0 0 0 0 0 0 0 0 0 0 0
0 1 2 3 4 5 6 7 8 9 10
7 3 0 1
0 0 0 0 0 0 0
0 2
0 4
0 1 2 3 4 5 6
6 4 1 2
0 0 0 0 0 0
1 3
4 5
0 2
2 5
11 4 0 1
0 0 0 0 0 0 0 0 0 0 0
0 3
0 2 6
0 4 5
0 1 2 3 5 6 7 8 9 10
19 1 0 1 2
0 0 0 0 0 0 0 0 0 0 0 0 0 0 0 0 0 0 0
0 1 2 3 4 5 6 7 8 9 10 11 12 13 14 15 16 17 18
6 1 2 4
0 0 0 0 0 0
0 1 2 3 4 5
7 4 0 1
0 0 0 0 0 0 0
1 2 3 5
0 1 4
0 6
1 2 5
7 5 0 1
0 0 0 0 0 0 0
0 1 5
1 2 4 6
3 6
2 3
1 2 6
6 4 0 1
0 0 0 0 0 0
3 5
0 1 4
2 3
1 2 5
5 2 0 1
0 0 0 0 0
0 1 3
1 2 4
6 4 0 1
0 0 0 0 0 0
3 5
0 1 4
2 3
1 2 5
6 3 0 1
0 0 0 0 0 0
0 1 4
1 2 3 5
1 2 5
7 4 0 1
0 0 0 0 0 0 0
2 3 6
0 2 5
2 3 4 6
1 4
5 2 0 1
0 0 0 0 0
0 1 3
1 2 4
6 3 0 1
0 0 0 0 0 0
1 2 4 5
0 1 3
1 2 4
25 2 2 4
0 0 0 0 0 0 0 0 0 0 0 0 0 0 0 0 0 0 0 0 0 0 0 0 0
3 4 5 7 8 9 10 11 15 16 20 23
0 1 2 3 4 5 6 7 8 9 10 11 12 13 14 15 16 17 18 19 20 21 22 23 24
6 3 1 2
0 0 0 0 0 0
1 3
0 1 2 3 4 5
3 5
8 5 2 4
0 0 0 0 0 0 0 0
0 1
5 6 7
4 6 7
5 6
2 3
5 2 1 2
0 0 0 0 0
0 1 2 3 4
1 2
5 2 2 6
0 0 0 0 0
0 1 2 3 4
3 4
5 3 0 1
0 0 0 0 0
0 4
1 3
0 2
6 1 2 6
0 0 0 0 0 0
0 1 2 3 4 5
11 6 1 2
0 0 0 0 0 0 0 0 0 0 0
7 10
1 3
0 2
3 8 9
5 6
0 4
7 6 1 2
0 0 0 0 0 0 0
0 1 3 5 6
1 3 5 6
0 1
0 1 2 3 5
0 1 2 3 4 5 6
0 1 2 3 5 6
7 2 0 3
0 0 0 0 0 0 0
0 1 3 4 5 6
2 3
5 2 0 1
0 0 0 0 0
0 2 4
1 3
9 1 0 1 2
0 0 0 0 0 0 0 0 0
0 1 2 3 4 5 6 7 8
12 1 0 2
0 0 0 0 0 0 0 0 0 0 0 0
0 1 2 3 4 5 6 7 8 9 10 11
7 4 0 1
0 0 0 0 0 0 0
1 4
1 2 3 4 6
0 2 4
2 5
13 1 2 6
0 0 0 0 0 0 0 0 0 0 0 0 0
0 1 2 3 4 5 6 7 8 9 10 11 12
5 1 2 6
0 0 0 0 0
0 1 2 3 4
7 6 1 2
0 0 0 0 0 0 0
0 1 3 5 6
1 3 5 6
0 1
0 1 2 3 5
0 1 2 3 4 5 6
0 1 2 3 5 6
5 2 2 4
0 0 0 0 0
1 2
0 1 3 4
5 2 2 4
0 0 0 0 0
0 1 2 4
2 3
7 6 1 2
0 0 0 0 0 0 0
0 1 3 5 6
1 3 5 6
0 1
0 1 2 3 5
0 1 2 3 4 5 6
0 1 2 3 5 6
5 1 2 4
0 0 0 0 0
0 1 2 3 4
6 5 1 2
0 0 0 0 0 0
0 1
0 1 2 3 5
0 1 2 3 4 5
1 3 5
0 1 3 5
7 6 1 2
0 0 0 0 0 0 0
0 1 3 5 6
1 3 5 6
0 1 2 3 4 5 6
0 1 2 3 5
0 1
0 1 2 3 5 6
5 3 0 2 4
0 0 0 0 0
0 2
1 3
0 1 2 3 4
7 5 2 4
0 0 0 0 0 0 0
3 5
1 2
3 4 5
3 4 6
0 6
7 6 1 2
0 0 0 0 0 0 0
0 1 3 5 6
1 3 5 6
0 1
0 1 2 3 5
0 1 2 3 4 5 6
0 1 2 3 5 6
30 4 0 2 3
0 0 0 0 0 0 0 0 0 0 0 0 0 0 0 0 0 0 0 0 0 0 0 0 0 0 0 0 0 0
1 3 4 5 6 7 8 9 10 11 12 14 17 18 20 22 23 27 28 29
1 9 11 14 17 18 27 28 29
1 4 7 8 10 11 12 17 18 20 22 28
0 1 2 3 4 5 6 7 8 9 10 11 12 13 15 16 17 18 19 20 21 22 23 24 25 26 27 28 29
7 6 1 2
0 0 0 0 0 0 0
0 1 3 5 6
1 3 5 6
0 1
0 1 2 3 5
0 1 2 3 4 5 6
0 1 2 3 5 6
5 3 1 2
0 0 0 0 0
1 3
0 2
0 2 3 4
6 2 2 3
0 0 0 0 0 0
0 1 2
0 2 3 4 5
10 1 2 6
0 0 0 0 0 0 0 0 0 0
0 1 2 3 4 5 6 7 8 9
29 4 3 5
0 0 0 0 0 0 0 0 0 0 0 0 0 0 0 0 0 0 0 0 0 0 0 0 0 0 0 0 0
0 1 3 5 7 8 21 24
0 1 2 3 4 6 7 8 9 10 11 12 13 14 15 16 17 18 19 20 21 22 23 24 25 26 27 28
3 13
0 3 4 7
20 6 0 1
0 0 0 0 0 0 0 0 0 0 0 0 0 0 0 0 0 0 0 0
2 9
0 5
3 4
1 3 7 8 10 11 12 13 14 17 18
6 15
16 19
8 5 1 2
0 0 0 0 0 0 0 0
3 7
0 6
1 2
4 5
0 2 6
13 3 0 1
0 0 0 0 0 0 0 0 0 0 0 0 0
0 7
1 2 4 5 6 7 8 9 11 12
3 10
8 3 2 6
0 0 0 0 0 0 0 0
4 5 7
0 5 7
0 1 2 3 4 5 6 7
9 5 1 2
0 0 0 0 0 0 0 0 0
0 1 3 5
0 1 2 3 4 5 8
2 4 6 7
0 1 2 3 4
4 5
9 1 2 3
0 0 0 0 0 0 0 0 0
0 1 2 3 4 5 6 7 8
16 1 0 1
0 0 0 0 0 0 0 0 0 0 0 0 0 0 0 0
0 1 2 3 4 5 6 7 8 9 10 11 12 13 14 15
5 2 0 1
0 0 0 0 0
0 1 3 4
0 1 2 4
22 8 2 4
0 0 0 0 0 0 0 0 0 0 0 0 0 0 0 0 0 0 0 0 0 0
15 19
7 17
1 2
0 4
8 15 19
6 21
8 19 20
1 3 4 5 9 10 11 12 13 14 16 18
5 1 1 2
0 0 0 0 0
0 1 2 3 4
20 1 2 4
0 0 0 0 0 0 0 0 0 0 0 0 0 0 0 0 0 0 0 0
0 1 2 3 4 5 6 7 8 9 10 11 12 13 14 15 16 17 18 19
22 5 0 2
0 0 0 0 0 0 0 0 0 0 0 0 0 0 0 0 0 0 0 0 0 0
1 3 10
0 1 2 3 4 5 6 7 8 9 10 11 12 13 14 15 16 17 18 19 20 21
0 1 3 9 10 11
3 10
4 7 10 11 13 15 16 17 19
18 2 1 2
0 0 0 0 0 0 0 0 0 0 0 0 0 0 0 0 0 0
0 1 2 4 5 6 7 8 9 11 12 13 14 15 16 17
0 1 2 3 10 11 12
14 2 0 2
0 0 0 0 0 0 0 0 0 0 0 0 0 0
0 1 2 3 4 5 6 7 8 9 10 11 12 13
5 7 10
6 4 3 5
0 0 0 0 0 0
3 4
0 1 2 4
1 5
2 3
6 2 0 2
0 0 0 0 0 0
0 1 2 3 4 5
1 3
5 1 2 6
0 0 0 0 0
0 1 2 3 4
8 1 1 2
0 0 0 0 0 0 0 0
0 1 2 3 4 5 6 7
11 2 2 4
0 0 0 0 0 0 0 0 0 0 0
0 1 2 3 4 5 6 7 8 9 10
2 3
13 3 2 4
0 0 0 0 0 0 0 0 0 0 0 0 0
0 2 3 5 10 11 12
2 3 10 11 12
0 1 2 3 4 6 7 8 9 10 11 12
31 20 0 3
0 0 0 0 0 0 0 0 0 0 0 0 0 0 0 0 0 0 0 0 0 0 0 0 0 0 0 0 0 0 0
5 7 16 18 27 28
3 7 8 19 28
7 23 27 28
5 7 28
7 17 23 28
7 18 26 28
3 5 7 18 28
7 28
3 18
5 18 28
0 3 7 10 13 16 17 18 24 25 26 27 28
3 28
3 7 28
0 1 2 3 4 5 6 7 8 9 10 11 12 13 14 15 16 17 18 19 20 21 22 23 24 25 26 27 28 29 30
7 27 28
3 4 19 22 28
1 3 5 7 14 27 28
1 3 7 9 18 27 28
5 7 14 20 28
17 27 28
6 2 1 2
0 0 0 0 0 0
0 1 3 4 5
2 4
13 13 3 5
0 0 0 0 0 0 0 0 0 0 0 0 0
1 3 4 5 6 7 8 10 11 12
1 3
1 3 6
1 8
8 10 12
5 8 9
1 6 8 12
2 6 8
1 6 12
2 12
6 8 12
3 6
0 8
5 1 0 1 2
0 0 0 0 0
0 1 2 3 4
5 2 0 1
0 0 0 0 0
0 1 3 4
1 2
13 5 1 2 4
0 0 0 0 0 0 0 0 0 0 0 0 0
3 5 12
0 1
0 2
3 4 5 6 8 9 10 11 12
3 4 5 7 12
8 5 1 2
0 0 0 0 0 0 0 0
0 1 2 3
0 2 4
0 1 2 3 4 7
1 3 5 6
3 4
6 1 1 2
0 0 0 0 0 0
0 1 2 3 4 5
10 1 5 6
0 0 0 0 0 0 0 0 0 0
0 1 2 3 4 5 6 7 8 9
6 1 0 1
0 0 0 0 0 0
0 1 2 3 4 5
6 1 0 1
0 0 0 0 0 0
0 1 2 3 4 5
8 2 2 4
0 0 0 0 0 0 0 0
2 3
0 1 3 4 5 6 7
5 2 1 2
0 0 0 0 0
0 1 2
0 1 2 3 4
5 1 0 1
0 0 0 0 0
0 1 2 3 4
7 1 0 1
0 0 0 0 0 0 0
0 1 2 3 4 5 6
6 1 0 1
0 0 0 0 0 0
0 1 2 3 4 5
18 1 4 6
0 0 0 0 0 0 0 0 0 0 0 0 0 0 0 0 0 0
0 1 2 3 4 5 6 7 8 9 10 11 12 13 14 15 16 17
6 1 0 1
0 0 0 0 0 0
0 1 2 3 4 5
6 1 0 1
0 0 0 0 0 0
0 1 2 3 4 5
5 1 0 1
0 0 0 0 0
0 1 2 3 4
14 5 1 2
0 0 0 0 0 0 0 0 0 0 0 0 0 0
1 6
6 12
5 8
0 1 2 3 4 5 6 7 8 9 10 11 13
0 5
8 2 0 1
0 0 0 0 0 0 0 0
1 3 4 5 6 7
0 2
10 3 0 1
0 0 0 0 0 0 0 0 0 0
3 9
1 4 5 6 7 8
0 2
5 1 0 1
0 0 0 0 0
0 1 2 3 4
6 1 0 1
0 0 0 0 0 0
0 1 2 3 4 5
6 1 0 1
0 0 0 0 0 0
0 1 2 3 4 5
7 2 0 1
0 0 0 0 0 0 0
1 3 4 5 6
0 2
6 1 0 1
0 0 0 0 0 0
0 1 2 3 4 5
6 2 0 1
0 0 0 0 0 0
0 1 2 3
4 5
6 1 0 1
0 0 0 0 0 0
0 1 2 3 4 5
6 1 0 1
0 0 0 0 0 0
0 1 2 3 4 5
5 1 0 1
0 0 0 0 0
0 1 2 3 4
5 2 2 4
0 0 0 0 0
1 2 3 4
0 2
5 1 0 1
0 0 0 0 0
0 1 2 3 4
7 2 0 1
0 0 0 0 0 0 0
4 6
0 1 2 3 5
6 3 0 2
0 0 0 0 0 0
1 2 5
3 4
0 1
6 1 0 1
0 0 0 0 0 0
0 1 2 3 4 5
8 2 0 1
0 0 0 0 0 0 0 0
0 1 2 3 4 6
5 7
6 1 0 1
0 0 0 0 0 0
0 1 2 3 4 5
7 3 0 2 3
0 0 0 0 0 0 0
0 1 2 3 4
0 1 2 3 4
0 1 2 3 4 5 6
180 7 0 1
0 0 0 0 0 0 0 0 0 0 0 0 0 0 0 0 0 0 0 0 0 0 0 0 0 0 0 0 0 0 0 0 0 0 0 0 0 0 0 0 0 0 0 0 0 0 0 0 0 0 0 0 0 0 0 0 0 0 0 0 0 0 0 0 0 0 0 0 0 0 0 0 0 0 0 0 0 0 0 0 0 0 0 0 0 0 0 0 0 0 0 0 0 0 0 0 0 0 0 0 0 0 0 0 0 0 0 0 0 0 0 0 0 0 0 0 0 0 0 0 0 0 0 0 0 0 0 0 0 0 0 0 0 0 0 0 0 0 0 0 0 0 0 0 0 0 0 0 0 0 0 0 0 0 0 0 0 0 0 0 0 0 0 0 0 0 0 0 0 0 0 0 0 0 0 0 0 0 0 0
0 5 8 12 15 25 45 47 51 56 61 67 73 110 126 127 128 129 130 131 132 133 134 135 136 137 138 139 140 141 142 143 144 145 146 147 148 149 150 151 152 153 154 155 156 157 158 159 160 161 162 163 164 165 166 167 168 169 170 171 172 173 174 176 178 179
0 4 6 25 26 43 56 83 100 126 135 142 165 173
0 4 6 126 135 142 165 173
0 1 2 3 5 6 7 8 9 10 11 12 13 14 15 16 17 18 19 20 21 22 23 24 25 26 27 28 29 30 31 32 33 34 35 36 37 38 39 40 41 42 43 44 45 46 47 48 49 50 51 52 53 54 55 56 57 58 59 60 61 62 63 64 65 66 67 68 69 70 71 72 73 74 75 76 77 78 79 80 81 82 83 84 85 86 87 88 89 90 91 92 93 94 95 96 97 98 99 100 101 102 103 104 105 106 107 108 109 110 111 112 113 114 115 116 117 118 119 120 121 122 123 124 125 126 127 128 129 130 131 132 133 134 135 136 137 138 139 140 141 142 143 144 145 146 147 148 149 150 151 152 153 154 155 156 157 158 159 160 161 162 163 164 165 166 167 168 169 170 171 172 173 174 175 176 177 178 179
0 4 6 25 26 43 56 83 100 126
2 5 6 7 8 9 10 11 12 13 14 15 16 17 18 19 20 21 22 23 24 25 26 27 28 29 30 31 32 33 34 35 36 37 38 39 40 41 42 43 44 45 46 47 48 49 50 51 52 53 54 55 56 57 58 59 60 61 62 63 64 65 66 67 68 69 70 71 72 73 74 75 76 179
1 2 3 5 6 12 30 42 43 47 51 61 62 63 67 74 77 78 79 80 81 82 83 84 85 86 87 88 89 90 91 92 93 94 95 96 97 98 99 100 101 102 103 104 105 106 107 108 109 110 111 112 113 114 115 116 117 118 119 120 121 122 123 124 125 177 179
5 2 2 4
0 0 0 0 0
2 4
0 1 3
14 5 1 2 4
0 0 0 0 0 0 0 0 0 0 0 0 0 0
3 5 13
0 1
0 2
3 4 5 6 8 13
3 4 5 7 9 10 11 12 13
9 1 2 5
0 0 0 0 0 0 0 0 0
0 1 2 3 4 5 6 7 8
10 2 1 2
0 0 0 0 0 0 0 0 0 0
1 2 3 4 5 6 7 8 9
0 2
29 3 2 4
0 0 0 0 0 0 0 0 0 0 0 0 0 0 0 0 0 0 0 0 0 0 0 0 0 0 0 0 0
3 4 5 6 7 8 10 11 12 13 14 16 17 19
5 6 7 8 9 10 11 13 14 19
0 1 2 3 4 5 6 7 8 9 10 11 12 13 14 15 16 17 18 19 20 21 22 23 24 25 26 27 28
6 1 0 1
0 0 0 0 0 0
0 1 2 3 4 5
7 2 0 1
0 0 0 0 0 0 0
4 6
0 1 2 3 5
6 1 0 1
0 0 0 0 0 0
0 1 2 3 4 5
6 1 0 1
0 0 0 0 0 0
0 1 2 3 4 5
9 1 2 5
0 0 0 0 0 0 0 0 0
0 1 2 3 4 5 6 7 8
6 1 0 1
0 0 0 0 0 0
0 1 2 3 4 5
5 1 0 1
0 0 0 0 0
0 1 2 3 4
8 2 0 1
0 0 0 0 0 0 0 0
0 1 2 3 4 6
5 7
7 1 0 1
0 0 0 0 0 0 0
0 1 2 3 4 5 6
7 2 0 1
0 0 0 0 0 0 0
4 6
0 1 2 3 5
5 1 0 1
0 0 0 0 0
0 1 2 3 4
5 1 0 1
0 0 0 0 0
0 1 2 3 4
6 1 0 1
0 0 0 0 0 0
0 1 2 3 4 5
7 2 0 1
0 0 0 0 0 0 0
4 6
0 1 2 3 5
5 1 0 1
0 0 0 0 0
0 1 2 3 4
7 2 0 1
0 0 0 0 0 0 0
0 1 2 3 4
5 6
7 1 0 1
0 0 0 0 0 0 0
0 1 2 3 4 5 6
7 2 1 2
0 0 0 0 0 0 0
0 1 4 5 6
2 3
5 2 2 6
0 0 0 0 0
2 3
0 1 4
6 1 0 1 2
0 0 0 0 0 0
0 1 2 3 4 5
21 1 0 2
0 0 0 0 0 0 0 0 0 0 0 0 0 0 0 0 0 0 0 0 0
0 1 2 3 4 5 6 7 8 9 10 11 12 13 14 15 16 17 18 19 20
21 2 3 5
0 0 0 0 0 0 0 0 0 0 0 0 0 0 0 0 0 0 0 0 0
0 1 2 3 4 5 8 9 12 13 14 15 17 18 19
0 1 6 7 9 10 11 13 14 15 16 17 18 19 20
6 1 3 5
0 0 0 0 0 0
0 1 2 3 4 5
7 2 3 5
0 0 0 0 0 0 0
0 1 2 3 5 6
2 3 4 5 6
10 1 1 2
0 0 0 0 0 0 0 0 0 0
0 1 2 3 4 5 6 7 8 9
5 1 0 1
0 0 0 0 0
0 1 2 3 4
5 1 0 1
0 0 0 0 0
0 1 2 3 4
5 1 0 1
0 0 0 0 0
0 1 2 3 4
6 1 0 1
0 0 0 0 0 0
0 1 2 3 4 5
5 1 0 1
0 0 0 0 0
0 1 2 3 4
5 1 0 1
0 0 0 0 0
0 1 2 3 4
5 1 0 1
0 0 0 0 0
0 1 2 3 4
5 1 0 1
0 0 0 0 0
0 1 2 3 4
7 1 0 1
0 0 0 0 0 0 0
0 1 2 3 4 5 6
18 3 0 1
0 0 0 0 0 0 0 0 0 0 0 0 0 0 0 0 0 0
2 6 14 15
1 3 7 8 9 12 16 17
0 1 2 3 4 5 6 7 8 9 10 11 12 13 17
6 1 0 1
0 0 0 0 0 0
0 1 2 3 4 5
5 2 2 6
0 0 0 0 0
2 3
0 1 4
5 2 2 6
0 0 0 0 0
2 3
0 1 4
5 2 2 6
0 0 0 0 0
2 3
0 1 4
