374
5 3 1
0 0 0 0 0
0 4
1 3
0 2 4
7 6 3
0 0 0 0 0 0 0
0 3
5 6
1 5
0 3 4 5
2 3 5
3 5
5 5 1
0 0 0 0 0
1 3 4
0 1 3
1 2
1 4
1 3
5 5 1
0 0 0 0 0
2 4
1 4
1 3
0 1
1 2
11 15 1
0 0 0 0 0 0 0 0 0 0 0
2 6 8 10
2 4 6 8 9 10
0 9
2 6 10
2 8
2 6
2 7
6 8 10
2 3
2 5
8 9 10
4 10
8 10
1 5
6 9
9 10 2
0 0 0 0 0 0 0 0 0
0 3
3 7
0 2 3
2 4
2 6
2 3
2 5
1 3
2 8
0 2 5 7
5 3 2
0 0 0 0 0
0 3
0 4
1 2
6 5 2
0 0 0 0 0 0
3 4
2 3
0 5
1 4
0 2 5
7 5 1
0 0 0 0 0 0 0
1 4
0 2 5
0 2 3
0 6
0 3
5 3 2
0 0 0 0 0
3 4
0 2
0 1 2
5 2 2
0 0 0 0 0
0 2
1 3 4
14 6 0
0 0 0 0 0 0 0 0 0 0 0 0 0 0
1 5
3 6 8
4 6 8
3 6
0 1 2 3 4 6 7 8 9 10 11 12 13
0 4
7 5 1
0 0 0 0 0 0 0
1 4
5 6
2 3 5 6
2 3 5
0 5 6
7 7 1
0 0 0 0 0 0 0
2 4
0 3
1 4
1 4
3 6
2 3 5
1 2
5 5 1
0 0 0 0 0
0 4
0 2 3 4
0 2 4
0 1 2 3 4
0 3
7 4 1
0 0 0 0 0 0 0
1 3
2 4 5 6
0 5
0 4
5 4 1
0 0 0 0 0
1 4
1 2 3
1 4
0 3 4
10 6 2
0 0 0 0 0 0 0 0 0 0
5 8
2 8
0 1
2 4
0 3 7 8 9
0 1 6 9
6 4 2
0 0 0 0 0 0
0 2 5
0 2
0 2 4
1 3
7 2 2
0 0 0 0 0 0 0
0 6
0 1 2 3 4 5 6
10 5 1
0 0 0 0 0 0 0 0 0 0
2 4
2 3 5
8 9
0 1 2 3 6 7
1 3 6
6 3 0
0 0 0 0 0 0
2 5
0 3
0 1 3 4
11 9 1
0 0 0 0 0 0 0 0 0 0 0
4 5
6 7
2 6 8
0 5
7 10
0 3 4 5 8
5 7
2 4 5 7 8
1 9
10 5 1
0 0 0 0 0 0 0 0 0 0
1 5 9
0 4
5 6 7 8 9
2 3
1 5
9 7 1
0 0 0 0 0 0 0 0 0
3 4
1 2 4
2 7
2 8
0 2 4 5 6 7
0 6
0 1 2 3 4 5 6 7
6 3 0
0 0 0 0 0 0
0 2
0 3 4
0 1 2 3 4 5
7 5 1
0 0 0 0 0 0 0
0 6
2 3
3 4
2 3 6
1 5 6
86 17 2
0 0 0 0 0 0 0 0 0 0 0 0 0 0 0 0 0 0 0 0 0 0 0 0 0 0 0 0 0 0 0 0 0 0 0 0 0 0 0 0 0 0 0 0 0 0 0 0 0 0 0 0 0 0 0 0 0 0 0 0 0 0 0 0 0 0 0 0 0 0 0 0 0 0 0 0 0 0 0 0 0 0 0 0 0 0
28 29 49
1 32
33 34 43
40 69
5 19
30 82
21 29 30 53
14 22
0 2 4 7 8 9 10 12 13 15 16 18 19 20 24 25 26 27 28 29 31 32 33 34 36 37 38 39 40 41 42 44 45 46 47 48 50 51 52 53 54 55 56 57 58 59 60 62 63 64 66 67 68 69 70 71 72 73 74 75 76 77 78 79 80 81 84 85
3 19 22 68
15 21 38 41 45 58 62 65 72 79 80
14 17 18 19 28 35 74 81
4 10 11 25 71
2 31 78 81
6 12 15 20 21 23 28 29 33 34 37 40 45 52 61 66 67 76 77 78 79 80 83
15 25 28 37 39 41 51 52 56 58 62 64 69 74 75 76 77 78 83
45 81
6 1 2
0 0 0 0 0 0
0 1 2 3 4 5
7 5 1
0 0 0 0 0 0 0
1 4 5 6
0 3
0 1 2
0 1 3 5
0 4
6 3 2
0 0 0 0 0 0
3 5
1 2
0 4
5 3 1
0 0 0 0 0
1 4
0 1 4
1 2 3 4
8 3 0
0 0 0 0 0 0 0 0
0 1 2 3 5 6
5 7
4 5 6
14 8 1
0 0 0 0 0 0 0 0 0 0 0 0 0 0
0 3 4 5 6 7 8 9 11 12
0 1 5
5 6
2 4 10
5 7
10 13
0 3 5 6 10
4 5 10
14 8 1
0 0 0 0 0 0 0 0 0 0 0 0 0 0
6 11
0 5
0 1 4 5 6 8 9 10 11 13
1 13
0 3 5 11
5 13
9 10
0 2 3 4 5 6 7 8 9 10 11 12
7 5 2
0 0 0 0 0 0 0
3 5
0 2
2 6
0 3 5
1 4
6 2 0
0 0 0 0 0 0
0 2 3 4 5
1 3
6 7 2
0 0 0 0 0 0
0 2 4
0 4
0 2 4
0 2 3 4
0 2 4 5
0 1 2 3 4
0 5
5 2 3
0 0 0 0 0
0 1 2 3 4
0 4
5 3 1
0 0 0 0 0
0 1 3
3 4
2 3
10 1 1
0 0 0 0 0 0 0 0 0 0
0 1 2 3 4 5 6 7 8 9
10 2 1
0 0 0 0 0 0 0 0 0 0
0 3 7
0 1 2 3 4 5 6 7 8 9
11 6 1
0 0 0 0 0 0 0 0 0 0 0
0 1 2 5 6 7 8 9
2 7 10
3 9
0 1
0 1 2 6 9 10
4 5
11 7 1
0 0 0 0 0 0 0 0 0 0 0
7 9
0 1 3 5 8
9 10
2 3 7
2 4
2 3
5 6
7 3 2
0 0 0 0 0 0 0
0 4 5
2 3
1 6
23 6 1
0 0 0 0 0 0 0 0 0 0 0 0 0 0 0 0 0 0 0 0 0 0 0
3 5
11 15
2 14
0 1 2 4 5 6 7 8 9 10 11 12 13 14 16 17 18 19 20 21 22
8 14
9 21
12 8 0
0 0 0 0 0 0 0 0 0 0 0 0
2 9
2 4 10
7 9
0 1 3 8 11
4 7 9
2 3
3 4 6 7
0 1 5 8
9 2 2
0 0 0 0 0 0 0 0 0
0 3 4
0 1 2 3 4 5 6 7 8
8 3 1
0 0 0 0 0 0 0 0
0 1 2 3 4 5 6 7
0 5
4 6
11 5 0
0 0 0 0 0 0 0 0 0 0 0
1 9
4 5
1 7 10
6 9
0 1 2 3 4 6 7 8 9 10
5 2 0
0 0 0 0 0
0 1 4
1 2 3
5 3 0
0 0 0 0 0
1 3
0 1 2 3
2 4
5 3 1
0 0 0 0 0
1 4
0 3 4
2 4
15 8 2
0 0 0 0 0 0 0 0 0 0 0 0 0 0 0
4 11
2 9 13 14
4 5 9
8 9
6 9
0 5
3 12
0 1 4 5 6 7 8 9 10 12 14
5 2 0
0 0 0 0 0
1 4
0 2 3
5 1 2
0 0 0 0 0
0 1 2 3 4
6 4 1
0 0 0 0 0 0
2 4
1 3
4 5
0 1
5 3 0
0 0 0 0 0
0 4
0 3 4
1 2 4
5 3 2
0 0 0 0 0
0 3 4
0 4
1 2
5 3 2
0 0 0 0 0
0 3
2 4
1 2
7 4 1
0 0 0 0 0 0 0
2 4
0 3
0 1
5 6
6 3 1
0 0 0 0 0 0
0 5
1 2
3 4
5 2 0
0 0 0 0 0
1 3 4
0 2
14 9 0
0 0 0 0 0 0 0 0 0 0 0 0 0 0
10 13
6 12
5 8
9 11
4 5
0 2 3 4 6 8 11 12
4 11
4 7 8 11 13
1 9
5 1 1
0 0 0 0 0
0 1 2 3 4
6 1 0
0 0 0 0 0 0
0 1 2 3 4 5
7 4 0
0 0 0 0 0 0 0
1 6
1 6
0 2 3 4
1 2 4 5 6
5 2 1
0 0 0 0 0
1 2 3
0 1 3 4
7 5 0
0 0 0 0 0 0 0
1 3
0 1 6
1 2
0 1 2 5
4 6
26 19 1
0 0 0 0 0 0 0 0 0 0 0 0 0 0 0 0 0 0 0 0 0 0 0 0 0 0
10 17 20
11 21
4 20
2 5 6 9 11 12 13 20 21 25
5 15 20
2 14 20
2 5 18 19 20
1 4 18 20 22
2 10
0 1 2 3 4 6 7 8 10 11 13 14 15 17 18 20 21 22 23
17 20
1 4
2 3 5 14 15
4 20 22
3 19
0 1 2 3 4 5 6 7 8 9 10 11 12 13 14 15 16 17 18 19 20 21 22 23 24
1 2 4 10 19 20
5 6
2 20
18 6 2
0 0 0 0 0 0 0 0 0 0 0 0 0 0 0 0 0 0
5 6 16
8 10
1 7 11
1 12
0 5
0 1 2 3 4 5 7 9 10 11 12 13 14 15 17
10 7 2
0 0 0 0 0 0 0 0 0 0
1 2
2 7
1 3
2 9
0 1 8 9
4 6
5 6
8 7 1
0 0 0 0 0 0 0 0
0 2 5
0 1 5 7
3 6
0 4 5 7
0 2 5 7
0 7
0 5
9 6 1
0 0 0 0 0 0 0 0 0
4 6
3 7
2 4
0 1 4 5 6 8
2 6
2 4 6
9 6 0
0 0 0 0 0 0 0 0 0
2 4 7
2 4
0 4
2 4
0 1 2 3 5 6 7 8
2 7
14 6 2
0 0 0 0 0 0 0 0 0 0 0 0 0 0
0 3
1 6
0 1 2 3 4 5 6 7 8 9 10 11
6 13
1 6
0 2 4 12
6 1 3
0 0 0 0 0 0
0 1 2 3 4 5
11 1 2
0 0 0 0 0 0 0 0 0 0 0
0 1 2 3 4 5 6 7 8 9 10
10 1 0
0 0 0 0 0 0 0 0 0 0
0 1 2 3 4 5 6 7 8 9
5 1 2
0 0 0 0 0
0 1 2 3 4
18 15 1
0 0 0 0 0 0 0 0 0 0 0 0 0 0 0 0 0 0
0 1 2 4 5 6 8 9 10 11 12 15 16 17
5 7
4 6 11
7 14
6 16
0 6 16
7 10
3 16 17
10 14
10 11
0 13
0 13 14
0 7
9 10
10 15
5 2 2
0 0 0 0 0
0 1 2 3 4
0 2 4
8 5 1
0 0 0 0 0 0 0 0
0 1 2 6 7
1 2 7
3 7
5 7
2 4
7 6 1
0 0 0 0 0 0 0
1 5
0 3
4 6
2 3
2 5
1 4 5
5 4 1
0 0 0 0 0
0 3
0 2
1 4
0 1 2 3 4
6 4 1
0 0 0 0 0 0
1 5
0 1 2 3
0 5
2 4 5
8 2 2
0 0 0 0 0 0 0 0
1 2
0 1 2 3 4 5 6 7
28 21 1
0 0 0 0 0 0 0 0 0 0 0 0 0 0 0 0 0 0 0 0 0 0 0 0 0 0 0 0
7 19
16 25
3 8
3 21
9 15
17 19 21 23
17 21 22
1 16 18 22
16 19
9 11
13 19 26
4 6 11 20
5 13
19 20
4 5 6 11 27
6 11 20
2 18
11 16 20 23
4 6 17
0 3 4 5 6 7 9 10 11 12 14 15 16 17 19 20 21 22 23 24 25 26 27
4 9 21
6 5 1
0 0 0 0 0 0
0 4
0 5
2 3 5
0 3
1 2
21 13 0
0 0 0 0 0 0 0 0 0 0 0 0 0 0 0 0 0 0 0 0 0
1 16
6 10 12
1 4 9 14
5 6
3 7 8
4 5 10 11 12 14 17
3 19
3 10 18
5 14
0 2 4 5 8 10 12 13 14 15
6 10
5 10
10 20
48 9 2
0 0 0 0 0 0 0 0 0 0 0 0 0 0 0 0 0 0 0 0 0 0 0 0 0 0 0 0 0 0 0 0 0 0 0 0 0 0 0 0 0 0 0 0 0 0 0 0
2 11
13 31
11 33
9 16 29 39
5 11
8 9
1 5 13 14 16 17 25
0 6 9 11 13 14 16 17 18 19 25 36
0 1 2 3 4 5 6 7 8 9 10 11 12 13 14 15 16 17 18 19 20 21 22 23 24 25 26 27 28 29 30 31 32 33 34 35 36 37 38 40 41 42 43 44 45 46 47
22 9 0
0 0 0 0 0 0 0 0 0 0 0 0 0 0 0 0 0 0 0 0 0 0
3 5 7 9 13 21
4 10 19
1 2 3 6 7 8 9 11 12 13 14 15 16 17 18 20 21
0 13 14
1 3 19
1 9 11 13
1 2
7 9
1 13 17
25 10 0
0 0 0 0 0 0 0 0 0 0 0 0 0 0 0 0 0 0 0 0 0 0 0 0 0
7 18
0 1 2 3 4 5 6 7 8 9 11 12 13 14 15 16 17 18 19 20 21 22 23 24
5 9 10
5 14
9 20
5 9
1 4
14 15
14 15
6 9 14 15
52 23 0
0 0 0 0 0 0 0 0 0 0 0 0 0 0 0 0 0 0 0 0 0 0 0 0 0 0 0 0 0 0 0 0 0 0 0 0 0 0 0 0 0 0 0 0 0 0 0 0 0 0 0 0
1 23 42
1 23
25 45
7 13 39
0 1 2 3 4 5 7 8 9 10 11 12 14 15 17 18 19 21 22 23 24 25 26 28 29 30 31 32 33 34 35 36 37 38 39 40 41 42 43 44 45 46 47 48 49 50 51
1 8 16 25 30 31 37
1 23 30
3 14 20
29 42
2 27
26 30
1 17 23 29
17 26 30 37 48
1 24 30 32
0 12 20
17 23
8 47
23 36
0 2 3 20 22 27 36
7 20 44
3 14
1 22 23 30 32 36
6 25
9 2 0
0 0 0 0 0 0 0 0 0
2 3 4 5 6 8
0 1 3 7
7 5 1
0 0 0 0 0 0 0
0 4
2 3
0 2 3
1 2 6
2 5
19 4 0
0 0 0 0 0 0 0 0 0 0 0 0 0 0 0 0 0 0 0
9 11
0 1 2 4 5 6 7 8 10 11 12 13 14 15 16 17 18
3 10 12 15
8 15
5 3 2
0 0 0 0 0
2 4
0 1 2 3 4
1 2
33 15 2
0 0 0 0 0 0 0 0 0 0 0 0 0 0 0 0 0 0 0 0 0 0 0 0 0 0 0 0 0 0 0 0 0
6 14
16 26
12 20
13 16
28 30
1 27
6 8 12 19
11 29
4 5 10
22 24
3 12 18 19 21
1 2 6 8 12 14 15 16 20 21 23 25 27 31 32
7 16
0 9 13 17
12 24
13 11 1
0 0 0 0 0 0 0 0 0 0 0 0 0
1 4 7
9 10
0 1 4 5 7 8
2 4 7
4 7
6 12
1 7 9
0 4
5 7
1 3 7 9 11
4 5 7
7 3 1
0 0 0 0 0 0 0
0 1 2 3 4 6
3 6
4 5
8 5 0
0 0 0 0 0 0 0 0
3 5 7
1 2 3 6
0 4
1 2 6
1 6
20 6 2
0 0 0 0 0 0 0 0 0 0 0 0 0 0 0 0 0 0 0 0
0 1 3 4 5 9 10 18
5 12
0 1
1 3
3 6 7 8 10 14 15 18 19
1 2 3 5 8 9 10 11 12 13 14 15 16 17 18 19
5 3 3
0 0 0 0 0
0 1
1 2
0 1 2 3 4
7 2 3
0 0 0 0 0 0 0
1 3 6
0 1 2 3 4 5
5 2 1
0 0 0 0 0
0 1 3 4
2 4
9 3 2
0 0 0 0 0 0 0 0 0
1 3 4 6 7 8
0 1 2 3 4 5 6 7 8
3 7
5 1 2
0 0 0 0 0
0 1 2 3 4
5 4 1
0 0 0 0 0
0 1
0 4
0 1 3
0 2
8 4 0
0 0 0 0 0 0 0 0
1 4
0 1 3 6 7
5 6
2 6
10 2 0
0 0 0 0 0 0 0 0 0 0
1 3
0 1 2 3 4 5 6 7 8 9
5 3 0
0 0 0 0 0
1 3 4
0 2
0 3
15 3 3
0 0 0 0 0 0 0 0 0 0 0 0 0 0 0
7 12
0 1 2 3 4 5 6 8 9 10 11 12 13 14
6 12
7 4 2
0 0 0 0 0 0 0
2 3
3 6
0 3 4 5
1 3
13 7 0
0 0 0 0 0 0 0 0 0 0 0 0 0
2 11
3 6
0 7
1 3 7
1 9 12
4 10
5 6 8
6 2 0
0 0 0 0 0 0
1 2 4 5
0 1 3
15 7 2
0 0 0 0 0 0 0 0 0 0 0 0 0 0 0
2 4 5
0 1 2 3 4 5 6 7 8 13 14
9 10
1 3 10 13 14
1 3 8
11 12
5 6
9 7 0
0 0 0 0 0 0 0 0 0
1 3 5
0 1
1 6
3 6
7 8
0 2
1 4
5 2 0
0 0 0 0 0
0 1 2
3 4
10 3 1
0 0 0 0 0 0 0 0 0 0
1 2 4 5 6 7 8 9
2 7
0 3 6 7
15 5 3
0 0 0 0 0 0 0 0 0 0 0 0 0 0 0
0 1 2 3 5 6 7 8 9 11 12 13 14
12 13
10 14
4 5 6
12 14
5 1 1
0 0 0 0 0
0 1 2 3 4
19 9 1
0 0 0 0 0 0 0 0 0 0 0 0 0 0 0 0 0 0 0
4 10 18
10 18
2 5 10
0 1 3 5 7 8 9 10 11 12 13 14 15 17
7 10
5 18
6 10
7 9
14 16
5 4 1
0 0 0 0 0
0 1 3
0 1 3 4
0 3
2 3
19 3 0
0 0 0 0 0 0 0 0 0 0 0 0 0 0 0 0 0 0 0
0 1 3 12
0 1 2 3 4 5 8 9 10 11 14 15 16 17 18
2 6 7 13 15 18
6 1 0
0 0 0 0 0 0
0 1 2 3 4 5
7 1 3
0 0 0 0 0 0 0
0 1 2 3 4 5 6
10 6 0
0 0 0 0 0 0 0 0 0 0
1 4
5 6
2 9
5 9
7 8
0 3 4
8 6 0
0 0 0 0 0 0 0 0
0 1 2 3
4 7
2 3
1 2 3
2 5
2 6
6 4 1
0 0 0 0 0 0
2 3
0 1 2 3 4 5
1 3
0 4
6 5 1
0 0 0 0 0 0
0 2 4
0 1 3 4
4 5
0 2
1 3 5
14 5 2
0 0 0 0 0 0 0 0 0 0 0 0 0 0
0 1
3 5 6
0 1 2 3 6 7 8 9 10 11 12 13
0 3
1 4 7 8
6 1 2
0 0 0 0 0 0
0 1 2 3 4 5
5 3 3
0 0 0 0 0
1 2
0 2 3 4
0 1 2
8 5 0
0 0 0 0 0 0 0 0
3 5 7
1 2 3 6
0 4
1 2 6
1 6
5 1 0
0 0 0 0 0
0 1 2 3 4
47 21 0
0 0 0 0 0 0 0 0 0 0 0 0 0 0 0 0 0 0 0 0 0 0 0 0 0 0 0 0 0 0 0 0 0 0 0 0 0 0 0 0 0 0 0 0 0 0 0
2 6 27
1 12 31
15 20 36
24 36
31 39
16 29
36 41
25 32 36
10 17
3 4 5 6 8 9 18 23 24 27 32 38
5 40
4 36
13 30
3 8 14
33 34
35 42
4 24 26 30 32 36 38
17 33
8 9
13 16
0 1 4 5 6 7 9 10 11 12 14 15 16 17 19 20 21 22 23 24 25 26 27 28 32 33 34 35 36 37 38 39 40 41 43 44 45 46
16 9 1
0 0 0 0 0 0 0 0 0 0 0 0 0 0 0 0
0 4
2 4
1 3
8 9 14
0 15
4 10 13
5 6 13
4 7 8
8 11 12
5 1 0
0 0 0 0 0
0 1 2 3 4
9 2 2
0 0 0 0 0 0 0 0 0
0 1 2 3 4 5 6 7 8
0 3 6 7 8
15 2 1
0 0 0 0 0 0 0 0 0 0 0 0 0 0 0
0 1 2 3 4 5 6 7 8 10 11 12 13 14
8 9 12
5 3 2
0 0 0 0 0
2 3
0 1 2 4
0 2
5 3 0
0 0 0 0 0
1 2 4
0 1 3
1 2
5 2 2
0 0 0 0 0
0 1 2 3 4
0 2
5 1 2
0 0 0 0 0
0 1 2 3 4
8 4 2
0 0 0 0 0 0 0 0
2 4
1 5
0 2 3 4 6 7
2 3 5
9 5 2
0 0 0 0 0 0 0 0 0
0 8
1 2
3 5 6 7 8
3 5
4 6
6 4 2
0 0 0 0 0 0
1 2
0 3
1 2 4 5
1 3
8 5 2
0 0 0 0 0 0 0 0
2 4
0 1
2 3 4 5
6 7
2 3
5 3 2
0 0 0 0 0
0 3
1 2 4
1 2 3
10 6 2
0 0 0 0 0 0 0 0 0 0
3 6
1 2
3 5 6 7 9
0 8 9
3 5 8
4 7
6 4 2
0 0 0 0 0 0
1 2
0 3
1 2 4 5
1 3
5 4 0
0 0 0 0 0
0 1
0 1 2 4
1 2
1 3
11 5 2
0 0 0 0 0 0 0 0 0 0 0
2 6
1 2 3 4 5 6 9 10
7 8
0 2
2 8
10 5 2
0 0 0 0 0 0 0 0 0 0
0 8
1 2
3 5 6 7 8 9
3 5
4 7
7 4 2
0 0 0 0 0 0 0
1 3
1 2 3 5 6
0 4 5
1 2 4
6 3 2
0 0 0 0 0 0
4 5
0 1
0 1 2 3
6 4 2
0 0 0 0 0 0
0 5
1 2 3 4 5
1 2
1 3
7 3 2
0 0 0 0 0 0 0
0 3
1 2 4 5 6
1 2 3
9 4 2
0 0 0 0 0 0 0 0 0
0 4 5 7 8
1 6
2 3
4 5 6
13 2 2
0 0 0 0 0 0 0 0 0 0 0 0 0
0 2 3 4 5 6 8 9 10 11 12
1 7 10 12
9 11 1
0 0 0 0 0 0 0 0 0
4 6
0 1
4 7
1 2 6
7 8
1 2
0 1 2 3 4 5 6 7
1 4
4 8
0 1 4 6 7 8
4 6 7
5 2 2
0 0 0 0 0
0 1 2 3 4
0 1
6 4 2
0 0 0 0 0 0
1 2
0 3
1 2 4 5
1 3
8 4 2
0 0 0 0 0 0 0 0
4 6
2 3 4 5
0 2 3 4 6 7
1 4 5
7 4 2
0 0 0 0 0 0 0
1 2 3 5 6
0 4
1 2 4
1 3
8 4 2
0 0 0 0 0 0 0 0
4 6
2 3 4 5
0 2 3 4 6 7
1 4 5
6 4 2
0 0 0 0 0 0
0 2
3 5
1 3
0 2 3 4
8 4 2
0 0 0 0 0 0 0 0
2 4
1 5
0 2 3 4 6 7
2 3 5
5 3 2
0 0 0 0 0
0 2
1 3 4
1 2
6 3 2
0 0 0 0 0 0
0 2
1 3 4
3 5
6 2 2
0 0 0 0 0 0
0 1 2 3 4 5
0 1
5 2 2
0 0 0 0 0
0 1 2 3 4
0 1
5 3 2
0 0 0 0 0
0 1 2 3 4
3 4
0 1 3
21 12 0
0 0 0 0 0 0 0 0 0 0 0 0 0 0 0 0 0 0 0 0 0
0 3 6 8
8 9 10 20
4 5 14
2 13
5 12
2 5 6 8
1 16
3 5 8 9 16 19
7 18
15 17
4 11 14
8 10
15 1 0
0 0 0 0 0 0 0 0 0 0 0 0 0 0 0
0 1 2 3 4 5 6 7 8 9 10 11 12 13 14
7 3 0
0 0 0 0 0 0 0
1 2 5 6
0 1 4
1 2 3 5
7 3 1
0 0 0 0 0 0 0
3 4
0 1 2 3 4 5 6
0 3 4
10 1 2
0 0 0 0 0 0 0 0 0 0
0 1 2 3 4 5 6 7 8 9
6 5 1
0 0 0 0 0 0
2 3
2 4
0 2 4 5
1 2 3
0 4
5 3 1
0 0 0 0 0
0 1 2 3 4
0 1 3 4
0 4
21 6 0
0 0 0 0 0 0 0 0 0 0 0 0 0 0 0 0 0 0 0 0 0
1 6 8 12
5 9
0 11 12
0 12
1 7
0 1 2 3 4 6 7 8 10 11 12 13 14 15 16 17 18 19 20
6 4 1
0 0 0 0 0 0
0 4
1 2 3 4 5
0 1 2
0 1 2 4 5
5 1 1
0 0 0 0 0
0 1 2 3 4
6 4 0
0 0 0 0 0 0
3 5
1 4
4 5
0 2 3 5
5 3 2
0 0 0 0 0
3 4
0 1 2 3 4
1 4
11 2 0
0 0 0 0 0 0 0 0 0 0 0
0 1 2 3 4 5 6 7 8 9 10
4 8
6 3 0
0 0 0 0 0 0
0 2
3 4
1 5
73 5 0
0 0 0 0 0 0 0 0 0 0 0 0 0 0 0 0 0 0 0 0 0 0 0 0 0 0 0 0 0 0 0 0 0 0 0 0 0 0 0 0 0 0 0 0 0 0 0 0 0 0 0 0 0 0 0 0 0 0 0 0 0 0 0 0 0 0 0 0 0 0 0 0 0
1 4 8 11 21 41 43 47 52 57 63 69
0 1 2 8 26 38 39 43 47 57 58 59 63 70
0 1 2 3 4 5 6 7 8 9 10 11 12 13 14 15 16 17 18 19 20 21 22 23 24 25 26 27 28 29 30 31 32 33 34 35 36 37 38 39 40 41 42 43 44 45 46 47 48 49 50 51 52 53 54 55 56 57 58 59 60 61 62 63 64 65 66 67 68 69 70 71 72
2 21 22 39 52
0 1 2 3 4 5 6 7 8 9 10 11 12 13 14 15 16 17 18 19 20 21 22 23 24 25 26 27 28 29 30 31 32 33 34 35 36 37 38 39 40 41 42 43 44 45 46 47 48 49 50 51 52 53 54 55 56 57 58 59 60 61 62 63 64 65 66 67 68 69 70 71 72
6 3 0
0 0 0 0 0 0
0 3 4
2 3
1 4 5
7 1 2
0 0 0 0 0 0 0
0 1 2 3 4 5 6
7 4 0
0 0 0 0 0 0 0
3 5
1 2 3 6
1 2 4
0 3
6 3 0
0 0 0 0 0 0
0 3
1 2 4
1 2 3 5
9 1 0
0 0 0 0 0 0 0 0 0
0 1 2 3 4 5 6 7 8
5 3 2
0 0 0 0 0
1 2 4
0 3
1 2
6 4 0
0 0 0 0 0 0
3 5
0 1 4
2 3
1 2 5
6 4 0
0 0 0 0 0 0
3 5
0 1 4
2 3
1 2 5
19 1 3
0 0 0 0 0 0 0 0 0 0 0 0 0 0 0 0 0 0 0
0 1 2 3 4 5 6 7 8 9 10 11 12 13 14 15 16 17 18
18 6 0
0 0 0 0 0 0 0 0 0 0 0 0 0 0 0 0 0 0
1 9 14
0 1 2 4 6 11 15 16 17
0 1 2 4 5 6
1 6 9 15
0 1 2 3 7 8 11 12 13 16
0 1 3 6 10
9 7 0
0 0 0 0 0 0 0 0 0
1 6
1 2
0 4
3 8
4 5
6 7
0 2 5
10 1 1
0 0 0 0 0 0 0 0 0 0
0 1 2 3 4 5 6 7 8 9
10 6 0
0 0 0 0 0 0 0 0 0 0
0 1
0 1 6
1 8
0 1 2 4 5 9
1 2 7 9
0 1 3 5
5 3 2
0 0 0 0 0
1 3 4
0 2
1 3
13 1 3
0 0 0 0 0 0 0 0 0 0 0 0 0
0 1 2 3 4 5 6 7 8 9 10 11 12
5 3 2
0 0 0 0 0
0 4
2 3
1 2
13 7 0
0 0 0 0 0 0 0 0 0 0 0 0 0
1 4
1 3
4 8 10
7 12
5 9
2 6 11
0 3
35 6 0
0 0 0 0 0 0 0 0 0 0 0 0 0 0 0 0 0 0 0 0 0 0 0 0 0 0 0 0 0 0 0 0 0 0 0
0 1 7 8 17
0 1 2 3 4 5 6 7 8 9 11 13 14 15 16 18 19 20 21 23 24 25 26 27 28 30 31 32 33 34
0 1 3 4 6 8 15 22
1 11 19 20 29
0 1 3 4 10 11 12 14 19 20
1 8 9 17 18 19 20 24
7 3 0
0 0 0 0 0 0 0
1 5
0 6
0 1 2 3 4 5
24 10 3
0 0 0 0 0 0 0 0 0 0 0 0 0 0 0 0 0 0 0 0 0 0 0 0
15 22
0 1 2 3 4 5 6 8 9 11 12 13 14 15 17 18 19 20 21 22 23
1 5 15
5 8 22
9 10
3 5 7 12
8 12
1 15 16 22
1 16 22
8 10 12
10 1 2
0 0 0 0 0 0 0 0 0 0
0 1 2 3 4 5 6 7 8 9
12 2 0
0 0 0 0 0 0 0 0 0 0 0 0
0 2 5 6 7 8 9 10 11
1 3 4
21 6 0
0 0 0 0 0 0 0 0 0 0 0 0 0 0 0 0 0 0 0 0 0
0 1 10 11 12 13
0 4 5 9 12 13 18
0 1 4 6
0 7 8 9 12 13 15 17
0 3 4 16
0 2 3 4 5 8 10 12 13 14 16 19 20
14 1 1
0 0 0 0 0 0 0 0 0 0 0 0 0 0
0 1 2 3 4 5 6 7 8 9 10 11 12 13
6 3 0
0 0 0 0 0 0
0 2
3 4
1 5
9 2 2
0 0 0 0 0 0 0 0 0
1 2 5 7 8
0 1 2 3 4 5 6 7 8
9 2 2
0 0 0 0 0 0 0 0 0
1 2 5 7 8
0 1 2 3 4 5 6 7 8
11 5 0
0 0 0 0 0 0 0 0 0 0 0
0 2 9
2 3 6 7 8 10
0 1 3 4 5 6 7 8 9 10
6 8
1 3 4
5 2 1
0 0 0 0 0
0 1
1 2 3 4
10 2 0
0 0 0 0 0 0 0 0 0 0
0 1 2 3 4 5 7 8 9
3 6
15 1 3
0 0 0 0 0 0 0 0 0 0 0 0 0 0 0
0 1 2 3 4 5 6 7 8 9 10 11 12 13 14
20 5 0
0 0 0 0 0 0 0 0 0 0 0 0 0 0 0 0 0 0 0 0
0 5 9 14 15 16 17 18
1 3 7 8 10 11 13 19
0 14 15 16 17 18
1 2 3 4 5 6 7 8 9 10 11 12 19
0 5 9 14
22 4 2
0 0 0 0 0 0 0 0 0 0 0 0 0 0 0 0 0 0 0 0 0 0
6 8 16
0 1 2 3 4 5 6 7 8 9 10 11 12 13 14 15 16 17 18 19 20
2 8
18 21
7 3 0
0 0 0 0 0 0 0
0 2
0 4
0 1 2 3 4 5 6
6 4 0
0 0 0 0 0 0
1 3
4 5
0 2
2 5
11 4 0
0 0 0 0 0 0 0 0 0 0 0
0 3
0 2 6
0 4 5
0 1 2 3 5 6 7 8 9 10
8 1 2
0 0 0 0 0 0 0 0
0 1 2 3 4 5 6 7
19 1 0
0 0 0 0 0 0 0 0 0 0 0 0 0 0 0 0 0 0 0
0 1 2 3 4 5 6 7 8 9 10 11 12 13 14 15 16 17 18
6 1 2
0 0 0 0 0 0
0 1 2 3 4 5
7 4 0
0 0 0 0 0 0 0
1 2 3 5
0 1 4
0 6
1 2 5
7 5 0
0 0 0 0 0 0 0
0 1 5
1 2 4 6
3 6
2 3
1 2 6
6 4 0
0 0 0 0 0 0
3 5
0 1 4
2 3
1 2 5
5 2 0
0 0 0 0 0
0 1 3
1 2 4
6 4 0
0 0 0 0 0 0
3 5
0 1 4
2 3
1 2 5
6 3 0
0 0 0 0 0 0
0 1 4
1 2 3 5
1 2 5
7 4 0
0 0 0 0 0 0 0
2 3 6
0 2 5
2 3 4 6
1 4
5 2 0
0 0 0 0 0
0 1 3
1 2 4
6 3 0
0 0 0 0 0 0
1 2 4 5
0 1 3
1 2 4
8 2 1
0 0 0 0 0 0 0 0
0 1 3 4 5 6 7
1 2
25 2 2
0 0 0 0 0 0 0 0 0 0 0 0 0 0 0 0 0 0 0 0 0 0 0 0 0
3 4 5 7 8 9 10 11 15 16 20 23
0 1 2 3 4 5 6 7 8 9 10 11 12 13 14 15 16 17 18 19 20 21 22 23 24
6 3 0
0 0 0 0 0 0
1 3
0 1 2 3 4 5
3 5
5 2 3
0 0 0 0 0
0 3
1 2 4
8 5 2
0 0 0 0 0 0 0 0
0 1
5 6 7
4 6 7
5 6
2 3
5 2 0
0 0 0 0 0
0 1 2 3 4
1 2
8 2 2
0 0 0 0 0 0 0 0
0 1 2 6
0 1 2 3 4 5 6 7
5 3 0
0 0 0 0 0
0 4
1 3
0 2
13 1 3
0 0 0 0 0 0 0 0 0 0 0 0 0
0 1 2 3 4 5 6 7 8 9 10 11 12
11 6 0
0 0 0 0 0 0 0 0 0 0 0
7 10
1 3
0 2
3 8 9
5 6
0 4
7 6 0
0 0 0 0 0 0 0
0 1 3 5 6
1 3 5 6
0 1
0 1 2 3 5
0 1 2 3 4 5 6
0 1 2 3 5 6
7 2 1
0 0 0 0 0 0 0
0 1 3 4 5 6
2 3
5 2 0
0 0 0 0 0
0 2 4
1 3
9 1 0
0 0 0 0 0 0 0 0 0
0 1 2 3 4 5 6 7 8
7 4 0
0 0 0 0 0 0 0
1 4
1 2 3 4 6
0 2 4
2 5
11 12 3
0 0 0 0 0 0 0 0 0 0 0
3 6
0 8
0 3 9
6 7
2 9
4 6
0 5
0 8 9
4 8 9
3 5 7
1 9
0 2 3 4 5 6 8 10
7 6 0
0 0 0 0 0 0 0
0 1 3 5 6
1 3 5 6
0 1
0 1 2 3 5
0 1 2 3 4 5 6
0 1 2 3 5 6
5 2 2
0 0 0 0 0
1 2
0 1 3 4
5 2 2
0 0 0 0 0
0 1 2 4
2 3
7 6 0
0 0 0 0 0 0 0
0 1 3 5 6
1 3 5 6
0 1
0 1 2 3 5
0 1 2 3 4 5 6
0 1 2 3 5 6
5 1 2
0 0 0 0 0
0 1 2 3 4
6 5 0
0 0 0 0 0 0
0 1
0 1 2 3 5
0 1 2 3 4 5
1 3 5
0 1 3 5
7 6 0
0 0 0 0 0 0 0
0 1 3 5 6
1 3 5 6
0 1 2 3 4 5 6
0 1 2 3 5
0 1
0 1 2 3 5 6
5 3 2
0 0 0 0 0
0 2
1 3
0 1 2 3 4
7 5 2
0 0 0 0 0 0 0
3 5
1 2
3 4 5
3 4 6
0 6
7 6 0
0 0 0 0 0 0 0
0 1 3 5 6
1 3 5 6
0 1
0 1 2 3 5
0 1 2 3 4 5 6
0 1 2 3 5 6
8 7 0
0 0 0 0 0 0 0 0
4 6
1 3 4
0 3 4 6
4 6 7
0 2 4 7
4 5 6 7
2 4 5 6 7
30 4 1
0 0 0 0 0 0 0 0 0 0 0 0 0 0 0 0 0 0 0 0 0 0 0 0 0 0 0 0 0 0
1 3 4 5 6 7 8 9 10 11 12 14 17 18 20 22 23 27 28 29
1 9 11 14 17 18 27 28 29
1 4 7 8 10 11 12 17 18 20 22 28
0 1 2 3 4 5 6 7 8 9 10 11 12 13 15 16 17 18 19 20 21 22 23 24 25 26 27 28 29
7 6 0
0 0 0 0 0 0 0
0 1 3 5 6
1 3 5 6
0 1
0 1 2 3 5
0 1 2 3 4 5 6
0 1 2 3 5 6
5 3 0
0 0 0 0 0
1 3
0 2
0 2 3 4
8 2 1
0 0 0 0 0 0 0 0
1 6
0 1 2 3 4 5 6 7
5 2 2
0 0 0 0 0
2 3 4
0 1
6 2 1
0 0 0 0 0 0
0 1 2
0 2 3 4 5
20 6 0
0 0 0 0 0 0 0 0 0 0 0 0 0 0 0 0 0 0 0 0
2 9
0 5
3 4
1 3 7 8 10 11 12 13 14 17 18
6 15
16 19
8 5 0
0 0 0 0 0 0 0 0
3 7
0 6
1 2
4 5
0 2 6
13 3 0
0 0 0 0 0 0 0 0 0 0 0 0 0
0 7
1 2 4 5 6 7 8 9 11 12
3 10
9 5 0
0 0 0 0 0 0 0 0 0
0 1 3 5
0 1 2 3 4 5 8
2 4 6 7
0 1 2 3 4
4 5
9 1 1
0 0 0 0 0 0 0 0 0
0 1 2 3 4 5 6 7 8
12 4 1
0 0 0 0 0 0 0 0 0 0 0 0
1 8 10
0 1 2 3 4 5 6 7 8 9 10 11
2 6
1 3 4 8 10
8 3 1
0 0 0 0 0 0 0 0
1 7
0 3 4 5 6 7
0 2 4 6
16 1 0
0 0 0 0 0 0 0 0 0 0 0 0 0 0 0 0
0 1 2 3 4 5 6 7 8 9 10 11 12 13 14 15
5 2 0
0 0 0 0 0
0 1 3 4
0 1 2 4
22 8 2
0 0 0 0 0 0 0 0 0 0 0 0 0 0 0 0 0 0 0 0 0 0
15 19
7 17
1 2
0 4
8 15 19
6 21
8 19 20
1 3 4 5 9 10 11 12 13 14 16 18
5 1 0
0 0 0 0 0
0 1 2 3 4
13 5 1
0 0 0 0 0 0 0 0 0 0 0 0 0
0 9
0 2 8 9
0 2 8 9 10
1 7 10
0 1 2 3 4 5 6 7 8 9 10 11 12
20 1 2
0 0 0 0 0 0 0 0 0 0 0 0 0 0 0 0 0 0 0 0
0 1 2 3 4 5 6 7 8 9 10 11 12 13 14 15 16 17 18 19
18 15 1
0 0 0 0 0 0 0 0 0 0 0 0 0 0 0 0 0 0
6 16
1 5 7 9
1 4 7 10 12 13 15
2 6 8 10 12
9 12
2 6
9 13 16
11 14
0 3 4 6 9 11 16
1 13
9 14
6 9
1 2 3 6 8 10
5 12
0 1 2 3 5 6 7 8 9 10 11 12 13 14 15 16 17
18 2 0
0 0 0 0 0 0 0 0 0 0 0 0 0 0 0 0 0 0
0 1 2 4 5 6 7 8 9 11 12 13 14 15 16 17
0 1 2 3 10 11 12
6 3 2
0 0 0 0 0 0
0 5
1 2
3 4
9 1 2
0 0 0 0 0 0 0 0 0
0 1 2 3 4 5 6 7 8
8 1 0
0 0 0 0 0 0 0 0
0 1 2 3 4 5 6 7
6 1 2
0 0 0 0 0 0
0 1 2 3 4 5
11 2 2
0 0 0 0 0 0 0 0 0 0 0
0 1 2 3 4 5 6 7 8 9 10
2 3
13 3 2
0 0 0 0 0 0 0 0 0 0 0 0 0
0 2 3 5 10 11 12
2 3 10 11 12
0 1 2 3 4 6 7 8 9 10 11 12
31 20 1
0 0 0 0 0 0 0 0 0 0 0 0 0 0 0 0 0 0 0 0 0 0 0 0 0 0 0 0 0 0 0
5 7 16 18 27 28
3 7 8 19 28
7 23 27 28
5 7 28
7 17 23 28
7 18 26 28
3 5 7 18 28
7 28
3 18
5 18 28
0 3 7 10 13 16 17 18 24 25 26 27 28
3 28
3 7 28
0 1 2 3 4 5 6 7 8 9 10 11 12 13 14 15 16 17 18 19 20 21 22 23 24 25 26 27 28 29 30
7 27 28
3 4 19 22 28
1 3 5 7 14 27 28
1 3 7 9 18 27 28
5 7 14 20 28
17 27 28
6 2 0
0 0 0 0 0 0
0 1 3 4 5
2 4
5 1 0
0 0 0 0 0
0 1 2 3 4
5 2 0
0 0 0 0 0
0 1 3 4
1 2
7 1 1
0 0 0 0 0 0 0
0 1 2 3 4 5 6
8 5 0
0 0 0 0 0 0 0 0
0 1 2 3
0 2 4
0 1 2 3 4 7
1 3 5 6
3 4
7 1 1
0 0 0 0 0 0 0
0 1 2 3 4 5 6
6 1 0
0 0 0 0 0 0
0 1 2 3 4 5
10 1 3
0 0 0 0 0 0 0 0 0 0
0 1 2 3 4 5 6 7 8 9
10 1 3
0 0 0 0 0 0 0 0 0 0
0 1 2 3 4 5 6 7 8 9
6 1 0
0 0 0 0 0 0
0 1 2 3 4 5
6 1 0
0 0 0 0 0 0
0 1 2 3 4 5
8 2 2
0 0 0 0 0 0 0 0
2 3
0 1 3 4 5 6 7
5 2 0
0 0 0 0 0
0 1 2
0 1 2 3 4
5 1 0
0 0 0 0 0
0 1 2 3 4
7 1 0
0 0 0 0 0 0 0
0 1 2 3 4 5 6
6 1 0
0 0 0 0 0 0
0 1 2 3 4 5
18 1 2
0 0 0 0 0 0 0 0 0 0 0 0 0 0 0 0 0 0
0 1 2 3 4 5 6 7 8 9 10 11 12 13 14 15 16 17
6 1 0
0 0 0 0 0 0
0 1 2 3 4 5
6 1 0
0 0 0 0 0 0
0 1 2 3 4 5
5 1 0
0 0 0 0 0
0 1 2 3 4
14 5 0
0 0 0 0 0 0 0 0 0 0 0 0 0 0
1 6
6 12
5 8
0 1 2 3 4 5 6 7 8 9 10 11 13
0 5
8 2 0
0 0 0 0 0 0 0 0
1 3 4 5 6 7
0 2
10 3 0
0 0 0 0 0 0 0 0 0 0
3 9
1 4 5 6 7 8
0 2
5 1 0
0 0 0 0 0
0 1 2 3 4
6 1 0
0 0 0 0 0 0
0 1 2 3 4 5
6 1 0
0 0 0 0 0 0
0 1 2 3 4 5
7 2 0
0 0 0 0 0 0 0
1 3 4 5 6
0 2
6 1 0
0 0 0 0 0 0
0 1 2 3 4 5
6 2 0
0 0 0 0 0 0
0 1 2 3
4 5
6 1 0
0 0 0 0 0 0
0 1 2 3 4 5
6 1 0
0 0 0 0 0 0
0 1 2 3 4 5
5 1 0
0 0 0 0 0
0 1 2 3 4
5 2 2
0 0 0 0 0
1 2 3 4
0 2
5 1 0
0 0 0 0 0
0 1 2 3 4
7 2 0
0 0 0 0 0 0 0
4 6
0 1 2 3 5
6 1 0
0 0 0 0 0 0
0 1 2 3 4 5
8 2 0
0 0 0 0 0 0 0 0
0 1 2 3 4 6
5 7
6 1 0
0 0 0 0 0 0
0 1 2 3 4 5
5 1 2
0 0 0 0 0
0 1 2 3 4
7 3 1
0 0 0 0 0 0 0
0 1 2 3 4
0 1 2 3 4
0 1 2 3 4 5 6
180 7 0
0 0 0 0 0 0 0 0 0 0 0 0 0 0 0 0 0 0 0 0 0 0 0 0 0 0 0 0 0 0 0 0 0 0 0 0 0 0 0 0 0 0 0 0 0 0 0 0 0 0 0 0 0 0 0 0 0 0 0 0 0 0 0 0 0 0 0 0 0 0 0 0 0 0 0 0 0 0 0 0 0 0 0 0 0 0 0 0 0 0 0 0 0 0 0 0 0 0 0 0 0 0 0 0 0 0 0 0 0 0 0 0 0 0 0 0 0 0 0 0 0 0 0 0 0 0 0 0 0 0 0 0 0 0 0 0 0 0 0 0 0 0 0 0 0 0 0 0 0 0 0 0 0 0 0 0 0 0 0 0 0 0 0 0 0 0 0 0 0 0 0 0 0 0 0 0 0 0 0 0
0 5 8 12 15 25 45 47 51 56 61 67 73 110 126 127 128 129 130 131 132 133 134 135 136 137 138 139 140 141 142 143 144 145 146 147 148 149 150 151 152 153 154 155 156 157 158 159 160 161 162 163 164 165 166 167 168 169 170 171 172 173 174 176 178 179
0 4 6 25 26 43 56 83 100 126 135 142 165 173
0 4 6 126 135 142 165 173
0 1 2 3 5 6 7 8 9 10 11 12 13 14 15 16 17 18 19 20 21 22 23 24 25 26 27 28 29 30 31 32 33 34 35 36 37 38 39 40 41 42 43 44 45 46 47 48 49 50 51 52 53 54 55 56 57 58 59 60 61 62 63 64 65 66 67 68 69 70 71 72 73 74 75 76 77 78 79 80 81 82 83 84 85 86 87 88 89 90 91 92 93 94 95 96 97 98 99 100 101 102 103 104 105 106 107 108 109 110 111 112 113 114 115 116 117 118 119 120 121 122 123 124 125 126 127 128 129 130 131 132 133 134 135 136 137 138 139 140 141 142 143 144 145 146 147 148 149 150 151 152 153 154 155 156 157 158 159 160 161 162 163 164 165 166 167 168 169 170 171 172 173 174 175 176 177 178 179
0 4 6 25 26 43 56 83 100 126
2 5 6 7 8 9 10 11 12 13 14 15 16 17 18 19 20 21 22 23 24 25 26 27 28 29 30 31 32 33 34 35 36 37 38 39 40 41 42 43 44 45 46 47 48 49 50 51 52 53 54 55 56 57 58 59 60 61 62 63 64 65 66 67 68 69 70 71 72 73 74 75 76 179
1 2 3 5 6 12 30 42 43 47 51 61 62 63 67 74 77 78 79 80 81 82 83 84 85 86 87 88 89 90 91 92 93 94 95 96 97 98 99 100 101 102 103 104 105 106 107 108 109 110 111 112 113 114 115 116 117 118 119 120 121 122 123 124 125 177 179
17 4 3
0 0 0 0 0 0 0 0 0 0 0 0 0 0 0 0 0
8 9
1 2
0 1 2 3 4 5 6 7 8 9 10 11 12 13 14 15 16
2 9
5 2 2
0 0 0 0 0
2 4
0 1 3
9 1 3
0 0 0 0 0 0 0 0 0
0 1 2 3 4 5 6 7 8
10 2 0
0 0 0 0 0 0 0 0 0 0
1 2 3 4 5 6 7 8 9
0 2
5 2 2
0 0 0 0 0
0 1
2 3 4
29 3 2
0 0 0 0 0 0 0 0 0 0 0 0 0 0 0 0 0 0 0 0 0 0 0 0 0 0 0 0 0
3 4 5 6 7 8 10 11 12 13 14 16 17 19
5 6 7 8 9 10 11 13 14 19
0 1 2 3 4 5 6 7 8 9 10 11 12 13 14 15 16 17 18 19 20 21 22 23 24 25 26 27 28
6 1 0
0 0 0 0 0 0
0 1 2 3 4 5
7 2 0
0 0 0 0 0 0 0
4 6
0 1 2 3 5
6 1 0
0 0 0 0 0 0
0 1 2 3 4 5
6 1 0
0 0 0 0 0 0
0 1 2 3 4 5
9 1 3
0 0 0 0 0 0 0 0 0
0 1 2 3 4 5 6 7 8
6 1 0
0 0 0 0 0 0
0 1 2 3 4 5
5 1 0
0 0 0 0 0
0 1 2 3 4
8 2 0
0 0 0 0 0 0 0 0
0 1 2 3 4 6
5 7
7 1 0
0 0 0 0 0 0 0
0 1 2 3 4 5 6
7 2 0
0 0 0 0 0 0 0
4 6
0 1 2 3 5
5 1 0
0 0 0 0 0
0 1 2 3 4
13 2 0
0 0 0 0 0 0 0 0 0 0 0 0 0
1 2 3 7 9
0 1 2 3 4 5 6 7 8 9 10 11 12
5 1 0
0 0 0 0 0
0 1 2 3 4
6 1 0
0 0 0 0 0 0
0 1 2 3 4 5
7 2 0
0 0 0 0 0 0 0
4 6
0 1 2 3 5
5 1 0
0 0 0 0 0
0 1 2 3 4
7 2 0
0 0 0 0 0 0 0
0 1 2 3 4
5 6
7 1 0
0 0 0 0 0 0 0
0 1 2 3 4 5 6
7 2 0
0 0 0 0 0 0 0
0 1 4 5 6
2 3
6 1 0
0 0 0 0 0 0
0 1 2 3 4 5
25 15 3
0 0 0 0 0 0 0 0 0 0 0 0 0 0 0 0 0 0 0 0 0 0 0 0 0
6 7
0 1 2 3 4 5 6 7 8 9 10 11 12 13 14 15 16 17 18 19 20 21 22 23 24
12 15
6 16
6 19
18 21
7 13
11 12 13 21
5 18
3 4 6 14
11 13 14
2 7 11
5 12 13
5 18 21
9 13
10 2 0
0 0 0 0 0 0 0 0 0 0
1 4 6
0 1 2 3 4 5 6 7 8 9
8 1 3
0 0 0 0 0 0 0 0
0 1 2 3 4 5 6 7
10 1 0
0 0 0 0 0 0 0 0 0 0
0 1 2 3 4 5 6 7 8 9
5 1 0
0 0 0 0 0
0 1 2 3 4
5 1 0
0 0 0 0 0
0 1 2 3 4
5 1 0
0 0 0 0 0
0 1 2 3 4
6 1 0
0 0 0 0 0 0
0 1 2 3 4 5
5 1 0
0 0 0 0 0
0 1 2 3 4
5 1 0
0 0 0 0 0
0 1 2 3 4
5 1 0
0 0 0 0 0
0 1 2 3 4
5 1 0
0 0 0 0 0
0 1 2 3 4
7 1 0
0 0 0 0 0 0 0
0 1 2 3 4 5 6
18 3 0
0 0 0 0 0 0 0 0 0 0 0 0 0 0 0 0 0 0
2 6 14 15
1 3 7 8 9 12 16 17
0 1 2 3 4 5 6 7 8 9 10 11 12 13 17
6 1 0
0 0 0 0 0 0
0 1 2 3 4 5
